1 29/09/2003 18 20 25 23 10 11 24 14 6 2 13 9 5 16 3 5 154 4645 48807 257593 49.765,82 689,84 10,00 4,00 2,00 0,00 
2 06/10/2003 23 15 5 4 12 16 20 6 11 19 24 1 9 13 7 1 184 6232 81252 478188 596.323,70 1.388,95 10,00 4,00 2,00 0,00 
3 13/10/2003 20 23 12 8 6 1 7 11 14 4 16 10 9 17 24 2 158 6897 96244 608211 400.623,70 2.173,36 10,00 4,00 2,00 0,00 
4 20/10/2003 16 5 25 24 23 8 12 2 17 18 1 10 4 19 13 1 258 9569 123912 706657 902.226,02 1.498,72 10,00 4,00 2,00 0,00 
5 27/10/2003 15 13 20 2 11 24 9 16 4 23 25 12 8 19 1 2 472 14736 195636 860992 380.017,55 687,49 10,00 4,00 2,00 0,00 
6 03/11/2003 23 19 1 5 7 21 16 10 15 25 6 2 12 4 17 2 393 14242 162320 888301 489.140,06 1.066,83 10,00 4,00 2,00 0,00 
7 10/11/2003 22 4 15 8 16 14 21 23 12 1 25 19 7 10 18 9 1333 25878 206828 967358 104.625,29 301,59 10,00 4,00 2,00 0,00 
8 17/11/2003 19 16 18 9 13 8 5 25 17 10 6 15 1 22 20 1 256 11414 149037 926910 1.201.958,08 2.012,21 10,00 4,00 2,00 0,00 
9 24/11/2003 21 4 17 5 3 13 16 9 20 24 25 19 11 15 10 3 407 14973 213511 1104328 336.053,65 1.061,60 10,00 4,00 2,00 0,00 
10 01/12/2003 24 19 8 23 6 2 20 11 9 3 4 10 5 12 14 0 380 15767 207355 1186563 0,00 1.157,08 10,00 4,00 2,00 1.025.945,00 
11 08/12/2003 24 9 8 19 20 22 6 10 11 16 7 25 23 2 12 0 306 14249 216679 1343171 0,00 1.855,82 10,00 4,00 2,00 2.351.000,93 
12 15/12/2003 11 5 25 1 9 8 16 4 7 24 17 2 12 14 10 1 631 24400 322557 1607584 3.490.966,18 771,32 10,00 4,00 2,00 0,00 
13 22/12/2003 13 6 10 5 8 14 3 11 16 15 9 17 19 7 23 3 714 27399 320961 1501354 269.157,25 482,84 10,00 4,00 2,00 0,00 
14 29/12/2003 14 21 13 19 20 6 9 5 7 23 18 1 15 2 25 3 444 15413 214582 1149506 411.362,89 1.191,21 10,00 4,00 2,00 0,00 
15 05/01/2004 23 6 21 4 10 24 16 1 15 2 8 19 12 18 25 22 2059 38038 379994 1198158 27.525,68 125,58 10,00 4,00 2,00 0,00 
16 12/01/2004 24 17 5 8 7 12 13 2 15 10 19 25 23 21 6 9 1086 29005 329409 1471908 83.935,77 296,98 10,00 4,00 2,00 0,00 
17 19/01/2004 13 20 17 1 6 7 2 14 5 9 16 19 3 21 18 1 320 14425 232740 1083387 1.427.169,94 1.911,39 10,00 4,00 2,00 0,00 
18 26/01/2004 2 23 10 7 11 14 17 22 15 6 24 8 19 20 18 3 309 12373 174339 1079894 487.887,61 2.030,05 10,00 4,00 2,00 0,00 
19 02/02/2004 15 17 10 23 11 24 13 14 6 2 8 5 20 16 7 10 818 23594 326913 1333412 82.040,05 428,20 10,00 4,00 2,00 0,00 
20 09/02/2004 4 9 8 24 16 20 3 17 18 19 7 6 23 14 10 9 931 19580 266087 1462294 122.882,04 507,17 10,00 4,00 2,00 0,00 
21 16/02/2004 5 2 1 22 19 8 24 4 25 23 18 20 14 11 16 3 316 13077 203475 1211951 530.990,23 2.160,45 10,00 4,00 2,00 0,00 
22 25/02/2004 13 15 5 9 7 10 1 3 22 2 25 14 6 4 12 1 484 55372 152738 868693 1.081.149,89 957,34 10,00 4,00 2,00 0,00 
23 01/03/2004 10 11 5 19 18 14 6 4 20 1 8 3 12 16 17 1 541 16248 215670 1187602 1.178.452,05 933,55 10,00 4,00 2,00 0,00 
24 08/03/2004 1 19 21 14 2 23 25 5 20 11 7 10 24 17 3 2 585 22453 258724 1286374 662.295,89 970,40 10,00 4,00 2,00 0,00 
25 15/03/2004 4 23 20 2 5 13 7 9 24 3 1 6 14 22 16 0 417 16108 213231 1288117 0,00 1.437,73 10,00 4,00 2,00 1.398.910,67 
26 22/03/2004 19 11 7 16 8 21 5 10 20 13 23 9 17 14 22 3 602 22397 317722 1659205 970.676,17 1.077,21 10,00 4,00 2,00 0,00 
27 29/03/2004 25 6 22 21 11 24 3 14 12 13 20 8 10 15 18 2 466 15650 216827 1192912 811.005,39 1.491,73 10,00 4,00 2,00 0,00 
28 05/04/2004 18 21 11 7 9 3 20 16 14 12 13 17 1 19 10 2 556 22300 307113 1363336 536.916,65 827,73 10,00 4,00 2,00 0,00 
29 12/04/2004 13 14 6 1 24 4 8 5 17 22 21 19 20 9 16 5 456 14375 181147 1203109 317.538,81 1.492,19 10,00 4,00 2,00 0,00 
30 19/04/2004 22 2 1 17 8 4 19 20 11 14 6 21 7 23 3 2 345 13480 184916 1136035 813.271,34 2.020,55 10,00 4,00 2,00 0,00 
31 26/04/2004 1 3 22 14 21 17 24 15 20 13 2 19 4 25 9 3 250 13005 189635 1161305 503.451,70 2.589,18 10,00 4,00 2,00 0,00 
32 03/05/2004 10 14 9 16 15 7 22 6 4 2 1 17 23 11 20 2 384 14060 199525 1175480 706.634,89 1.577,31 10,00 4,00 2,00 0,00 
33 10/05/2004 8 20 12 16 10 21 5 2 23 19 11 24 1 14 7 9 1358 35450 328729 1417927 109.171,84 308,91 10,00 4,00 2,00 0,00 
34 17/05/2004 7 19 16 10 23 4 18 11 8 9 20 21 1 2 15 0 407 16589 216210 1359006 0,00 1.381,20 10,00 4,00 2,00 1.311.675,01 
35 24/05/2004 12 1 13 23 19 21 17 11 22 6 25 16 14 5 4 1 291 12750 191524 1338198 3.155.820,04 2.715,98 10,00 4,00 2,00 0,00 
36 31/05/2004 7 23 10 20 1 21 4 8 11 19 17 22 24 14 5 6 1573 40526 453277 1414816 92.828,37 151,18 10,00 4,00 2,00 0,00 
37 07/06/2004 24 20 5 15 10 22 21 3 1 23 11 4 13 8 9 1 283 11976 182815 1220504 1.371.528,32 2.077,02 10,00 4,00 2,00 0,00 
38 14/06/2004 14 13 8 16 1 10 3 7 15 25 9 2 24 6 22 0 298 12361 181763 1122407 0,00 2.240,91 10,00 4,00 2,00 1.558.182,50 
39 21/06/2004 14 15 7 19 8 9 22 17 23 18 2 11 24 13 21 3 915 31607 352332 1626512 888.003,60 516,00 10,00 4,00 2,00 0,00 
40 28/06/2004 10 17 16 12 14 24 8 7 5 20 21 1 13 2 22 9 650 20792 266561 1331593 129.462,67 765,33 10,00 4,00 2,00 0,00 
41 05/07/2004 25 4 23 18 17 19 15 13 9 3 12 20 21 16 2 5 431 16555 218669 1304019 285.091,61 1.417,43 10,00 4,00 2,00 0,00 
42 12/07/2004 1 24 12 25 4 3 21 8 11 6 15 22 14 17 5 1 351 14288 205537 1065540 1.731.431,15 2.114,08 10,00 4,00 2,00 0,00 
43 19/07/2004 23 22 3 17 1 24 14 19 8 6 9 18 20 7 10 2 448 31225 257520 1394077 550.553,79 1.053,36 10,00 4,00 2,00 0,00 
44 26/07/2004 23 21 12 19 5 4 6 13 14 10 3 18 24 11 25 0 334 12675 172526 1140441 0,00 2.056,93 10,00 4,00 2,00 1.603.036,94 
45 02/08/2004 1 23 14 16 2 19 18 7 21 9 24 25 17 5 3 4 602 23232 353114 1591989 731.525,88 941,91 10,00 4,00 2,00 0,00 
46 09/08/2004 6 14 8 11 24 18 19 23 2 5 4 21 10 1 25 4 825 24898 340899 1460500 308.549,13 638,71 10,00 4,00 2,00 0,00 
47 16/08/2004 6 8 25 18 20 5 11 10 15 13 4 22 3 2 1 16 933 25668 259783 1267303 94.685,43 693,26 10,00 4,00 2,00 0,00 
48 23/08/2004 15 6 21 20 2 17 5 23 11 7 13 16 18 19 22 2 331 13606 193466 1299636 777.343,31 2.012,97 10,00 4,00 2,00 0,00 
49 30/08/2004 11 2 24 8 20 16 4 13 19 6 15 22 5 23 21 0 673 22438 282506 1269761 0,00 806,00 10,00 4,00 2,00 1.265.682,65 
50 06/09/2004 2 3 7 25 21 23 10 1 13 11 20 6 12 19 9 1 659 21583 298054 1545777 2.776.089,01 982,27 10,00 4,00 2,00 0,00 
51 13/09/2004 8 1 13 14 5 22 21 7 6 23 3 17 20 11 16 2 765 22722 302341 1520867 545.229,30 608,58 10,00 4,00 2,00 0,00 
52 20/09/2004 25 4 16 2 15 21 12 9 11 8 24 23 1 13 22 3 420 24265 205595 1156747 532.065,25 1.628,77 10,00 4,00 2,00 0,00 
53 27/09/2004 23 3 7 17 20 14 12 2 18 24 6 1 11 9 19 4 564 19767 262234 1425498 269.887,95 820,33 10,00 4,00 2,00 0,00 
54 04/10/2004 22 8 12 9 21 5 20 4 24 2 7 6 14 16 18 27 2269 40058 272073 1157000 46.149,84 234,47 10,00 4,00 2,00 0,00 
55 11/10/2004 4 6 12 15 2 3 13 16 8 9 7 25 5 18 19 6 682 24083 253488 1334310 213.174,74 803,76 10,00 4,00 2,00 0,00 
56 18/10/2004 19 1 5 14 16 15 17 2 13 22 20 12 23 9 24 0 401 17323 225472 1396834 0,00 1.427,28 10,00 4,00 2,00 1.335.461,47 
57 25/10/2004 25 17 8 11 3 6 19 22 21 7 20 1 4 12 2 1 571 33796 229355 1390034 3.278.857,27 1.458,64 10,00 4,00 2,00 0,00 
58 01/11/2004 20 14 11 13 19 18 15 16 5 3 6 12 17 22 4 6 559 17361 165098 1095964 294.482,82 1.354,64 10,00 4,00 2,00 0,00 
59 08/11/2004 6 8 14 1 23 20 3 15 25 11 5 7 13 10 19 2 662 27187 351810 1707263 439.884,44 567,39 10,00 4,00 2,00 0,00 
60 16/11/2004 17 22 16 5 3 2 18 8 25 11 1 19 4 23 24 3 362 30873 165747 1022631 485.556,53 1.724,55 10,00 4,00 2,00 0,00 
61 22/11/2004 4 15 1 23 9 14 12 11 13 19 25 16 22 5 20 2 300 14553 253317 1311870 698.017,29 1.994,34 10,00 4,00 2,00 0,00 
62 29/11/2004 9 7 1 13 20 11 3 17 25 8 14 16 15 18 24 5 432 19513 234116 1336449 282.087,66 1.399,25 10,00 4,00 2,00 0,00 
63 06/12/2004 13 19 22 17 10 4 25 9 24 8 16 11 21 12 20 2 379 15221 209528 1301392 870.856,42 1.969,52 10,00 4,00 2,00 0,00 
64 13/12/2004 13 1 10 6 25 23 14 9 7 2 18 8 20 3 17 4 525 20308 280806 1586899 323.455,35 1.056,18 10,00 4,00 2,00 0,00 
65 20/12/2004 23 19 10 7 1 17 4 2 22 16 21 15 20 18 25 0 300 13067 218281 1147456 0,00 2.735,19 10,00 4,00 2,00 1.914.633,24 
66 27/12/2004 8 10 23 17 11 20 2 14 21 22 15 16 24 4 1 8 834 25470 309390 1631513 434.105,49 800,73 10,00 4,00 2,00 0,00 
67 03/01/2005 7 24 13 20 16 5 21 12 11 8 15 22 23 10 9 4 294 12324 205063 1212285 394.429,73 2.299,88 10,00 4,00 2,00 0,00 
68 10/01/2005 9 1 25 16 6 3 5 22 7 12 8 10 2 17 23 2 368 14579 211030 1291340 853.689,74 1.988,41 10,00 4,00 2,00 0,00 
69 17/01/2005 23 7 11 15 4 17 20 8 9 24 1 18 21 10 19 4 619 34720 283047 1543014 296.233,16 820,40 10,00 4,00 2,00 0,00 
70 24/01/2005 14 5 9 24 6 15 12 19 20 1 2 25 16 10 3 6 611 19413 230116 1265554 264.323,93 1.112,42 10,00 4,00 2,00 0,00 
71 31/01/2005 13 3 22 5 1 21 23 6 8 11 15 18 14 16 9 4 744 21490 276234 1289869 349.187,58 804,58 10,00 4,00 2,00 0,00 
72 09/02/2005 2 16 5 25 23 11 18 13 24 15 1 7 8 12 17 2 485 16561 198957 1178585 571.665,39 1.010,31 10,00 4,00 2,00 0,00 
73 14/02/2005 25 17 18 2 16 19 15 13 14 5 21 11 7 1 10 3 401 16615 240646 1388168 404.461,66 1.296,82 10,00 4,00 2,00 0,00 
74 21/02/2005 8 25 3 1 2 22 16 4 5 15 6 18 13 23 11 7 861 36320 325482 1342101 165.704,35 575,18 10,00 4,00 2,00 0,00 
75 28/02/2005 10 8 3 16 7 25 20 4 13 6 11 15 17 5 1 2 564 22764 330303 1538522 531.264,65 807,39 10,00 4,00 2,00 0,00 
76 07/03/2005 15 5 12 10 19 16 21 17 25 9 13 1 23 8 3 13 2705 63452 463129 1672037 49.566,81 101,71 10,00 4,00 2,00 0,00 
77 14/03/2005 6 20 4 9 11 17 3 8 2 21 24 14 22 25 18 4 742 21609 228257 1213259 434.837,87 1.004,63 10,00 4,00 2,00 0,00 
78 21/03/2005 15 5 17 23 1 8 7 20 16 6 12 18 3 2 13 1 643 23291 317982 1617133 1.007.644,94 669,06 10,00 4,00 2,00 0,00 
79 28/03/2005 15 14 17 2 22 24 5 23 20 9 12 18 25 1 3 1 443 17526 230930 1249856 1.429.789,18 1.383,22 10,00 4,00 2,00 0,00 
80 04/04/2005 17 22 25 7 20 3 18 10 4 1 14 9 2 5 15 1 502 19706 292151 1294632 1.387.219,92 1.184,31 10,00 4,00 2,00 0,00 
81 11/04/2005 13 2 7 19 17 15 1 4 6 21 3 11 5 16 10 6 866 29787 387171 1619963 160.734,67 475,46 10,00 4,00 2,00 0,00 
82 18/04/2005 4 8 19 12 23 17 13 20 1 18 6 15 5 22 9 4 636 20746 250768 1418972 378.128,77 1.019,22 10,00 4,00 2,00 0,00 
83 25/04/2005 23 10 25 20 14 3 1 6 2 11 8 13 12 24 5 3 505 19766 290953 1615749 370.701,93 943,79 10,00 4,00 2,00 0,00 
84 02/05/2005 15 22 8 25 6 4 16 1 2 24 19 20 17 23 12 2 525 21813 263703 1419482 729.194,11 1.190,52 10,00 4,00 2,00 0,00 
85 09/05/2005 1 2 11 21 16 8 23 7 18 22 14 15 5 13 9 13 988 41716 303054 1673514 86.488,60 485,87 10,00 4,00 2,00 0,00 
86 16/05/2005 13 19 12 18 5 6 9 24 23 4 17 8 25 2 14 14 1437 33924 344925 1583126 81.060,95 337,18 10,00 4,00 2,00 0,00 
87 23/05/2005 11 3 18 25 5 24 13 8 15 10 9 22 1 2 20 14 1308 46044 353024 1711252 62.917,54 287,52 10,00 4,00 2,00 0,00 
88 30/05/2005 8 10 18 24 11 1 17 2 25 9 14 19 12 4 5 5 853 30153 318718 1383793 257.018,77 643,22 10,00 4,00 2,00 0,00 
89 06/06/2005 23 16 1 12 21 25 17 19 13 20 24 15 6 11 22 2 528 59274 230638 1266634 858.145,42 1.393,10 10,00 4,00 2,00 0,00 
90 13/06/2005 22 10 11 8 17 20 23 3 21 1 15 25 2 12 24 4 525 17979 236987 1539050 400.382,66 1.307,37 10,00 4,00 2,00 0,00 
91 20/06/2005 16 23 1 25 22 14 9 13 11 10 12 15 4 20 17 2 428 23937 203510 1341264 880.833,62 1.764,02 10,00 4,00 2,00 0,00 
92 27/06/2005 17 6 4 1 8 15 2 19 14 13 12 18 21 24 22 5 714 22604 257642 1433995 290.246,68 871,09 10,00 4,00 2,00 0,00 
93 04/07/2005 4 24 7 17 9 13 18 20 5 6 10 21 2 19 23 6 480 18433 230658 1352474 271.483,43 1.454,37 10,00 4,00 2,00 0,00 
94 11/07/2005 21 9 13 12 11 15 4 22 24 16 8 18 23 2 17 2 573 29882 267884 1577059 694.861,30 1.039,43 10,00 4,00 2,00 0,00 
95 18/07/2005 10 4 18 22 1 3 20 19 17 2 15 5 11 12 14 2 401 20787 231813 1294859 883.199,51 1.887,85 10,00 4,00 2,00 0,00 
96 25/07/2005 9 17 24 6 16 10 23 18 14 19 4 3 12 21 22 1 454 16790 220370 1209732 1.793.190,45 1.692,75 10,00 4,00 2,00 0,00 
97 02/08/2005 4 10 13 22 17 3 23 24 12 14 15 25 19 20 6 4 539 19062 237912 1490877 379.485,48 1.206,95 10,00 4,00 2,00 0,00 
98 08/08/2005 24 17 15 25 8 18 22 6 1 11 23 20 5 2 10 5 1089 31800 376336 1625070 238.130,55 466,80 10,00 4,00 2,00 0,00 
99 15/08/2005 4 7 24 25 20 14 1 2 10 16 17 11 21 13 3 4 695 19351 227907 1278734 424.895,89 1.048,05 10,00 4,00 2,00 0,00 
100 22/08/2005 11 22 14 25 10 8 23 13 4 16 17 9 3 12 1 6 547 39008 241845 1371980 251.438,56 1.182,00 10,00 4,00 2,00 0,00 
101 29/08/2005 7 6 14 19 13 3 21 23 1 24 16 17 9 20 10 9 917 26691 287551 1473207 144.911,71 607,23 10,00 4,00 2,00 0,00 
102 05/09/2005 19 4 22 1 7 23 10 25 21 11 18 2 3 9 12 5 622 20635 267607 1361023 323.383,57 1.114,09 10,00 4,00 2,00 0,00 
103 12/09/2005 23 18 1 7 5 22 2 3 25 10 4 17 8 16 11 5 467 26477 269789 1577960 276.012,69 1.266,50 10,00 4,00 2,00 0,00 
104 19/09/2005 6 5 22 24 19 16 11 14 21 13 15 25 7 18 10 2 354 13835 196494 1186254 982.532,88 2.379,02 10,00 4,00 2,00 0,00 
105 26/09/2005 8 7 10 12 25 9 15 22 19 6 11 13 4 17 21 2 425 15988 225268 1278152 855.532,63 1.725,44 10,00 4,00 2,00 0,00 
106 03/10/2005 5 15 3 1 4 13 22 2 25 6 10 17 14 23 12 3 471 22766 286573 1570457 442.710,00 1.208,49 10,00 4,00 2,00 0,00 
107 10/10/2005 24 4 7 17 21 12 15 3 25 11 1 18 6 8 9 1 494 16680 215950 1314644 1.801.807,58 1.563,17 10,00 4,00 2,00 0,00 
108 17/10/2005 9 15 25 14 16 2 8 11 12 7 1 22 4 23 18 8 1094 26164 281728 1425759 159.562,30 498,16 10,00 4,00 2,00 0,00 
109 24/10/2005 9 7 23 1 11 25 18 13 20 3 21 5 24 16 12 14 2257 44187 335886 1552174 76.346,11 202,19 10,00 4,00 2,00 0,00 
110 31/10/2005 23 20 3 6 5 1 4 25 12 13 21 17 22 14 19 2 442 23523 280697 1423182 706.957,82 1.370,96 10,00 4,00 2,00 0,00 
111 07/11/2005 10 1 19 21 25 17 12 5 11 15 13 24 6 18 22 1 415 17785 266234 1440550 1.503.858,33 1.553,04 10,00 4,00 2,00 0,00 
112 14/11/2005 20 10 2 6 19 21 18 3 17 11 1 14 4 15 23 1 341 13885 218980 1274318 1.749.331,36 2.198,57 10,00 4,00 2,00 0,00 
113 21/11/2005 6 14 24 2 19 5 12 8 20 21 4 11 1 13 25 3 437 16637 236170 1390432 514.867,34 1.514,81 10,00 4,00 2,00 0,00 
114 28/11/2005 20 3 22 9 6 2 14 1 10 25 24 11 21 8 7 0 320 11371 182608 1159190 0,00 2.542,69 10,00 4,00 2,00 1.898.540,00 
115 05/12/2005 4 17 5 16 6 11 20 9 12 21 25 7 13 1 18 1 674 22580 326888 1754217 4.081.776,78 1.388,24 10,00 4,00 2,00 0,00 
116 12/12/2005 11 13 18 10 25 23 16 1 14 2 19 21 12 9 20 2 484 20047 292261 1619598 848.830,45 1.503,24 10,00 4,00 2,00 0,00 
117 19/12/2005 14 20 5 11 9 23 18 17 6 13 25 15 7 12 10 3 498 18606 280170 1592727 569.686,18 1.470,79 10,00 4,00 2,00 0,00 
118 27/12/2005 24 15 21 22 18 4 14 13 19 6 12 2 23 8 5 4 660 35222 301415 1520411 357.319,00 928,10 10,00 4,00 2,00 0,00 
119 02/01/2006 15 1 21 22 9 4 18 6 24 20 23 11 8 10 17 1 370 20989 223234 1259823 1.663.143,71 1.926,43 10,00 4,00 2,00 0,00 
120 09/01/2006 3 8 19 7 20 16 15 13 12 11 1 24 18 21 5 2 758 25198 303361 1549722 746.715,01 844,38 10,00 4,00 2,00 0,00 
121 16/01/2006 17 24 25 23 7 2 4 5 11 10 9 1 18 16 12 3 830 27637 298499 1491043 492.515,31 760,04 10,00 4,00 2,00 0,00 
122 23/01/2006 5 22 2 10 13 15 9 20 4 25 1 18 23 17 8 8 1291 32778 368045 1643408 136.137,23 360,18 10,00 4,00 2,00 0,00 
123 30/01/2006 20 13 21 6 18 5 4 7 17 24 19 12 23 11 22 4 670 18123 225258 1346974 422.565,92 1.081,20 10,00 4,00 2,00 0,00 
124 06/02/2006 19 9 2 6 24 7 20 16 15 3 25 14 4 18 21 2 396 15090 194421 1186925 1.036.561,02 2.243,64 10,00 4,00 2,00 0,00 
125 13/02/2006 10 22 7 6 12 16 11 21 4 9 24 3 2 25 15 2 395 13621 188288 1269512 1.047.965,76 2.274,07 10,00 4,00 2,00 0,00 
126 20/02/2006 7 22 18 8 13 25 16 1 21 4 24 14 3 2 6 0 493 18073 245449 1428758 0,00 1.516,70 10,00 4,00 2,00 1.744.710,64 
127 01/03/2006 5 25 4 1 13 2 12 18 22 19 23 7 3 10 11 5 633 26537 226287 1209770 519.339,50 574,65 10,00 4,00 2,00 0,00 
128 06/03/2006 17 2 14 21 3 23 6 15 13 11 4 16 19 25 20 2 422 18165 257399 1512543 830.452,68 1.686,77 10,00 4,00 2,00 0,00 
129 13/03/2006 5 11 9 22 6 21 7 19 2 20 15 23 18 25 13 3 907 38023 333579 1684780 448.986,01 634,05 10,00 4,00 2,00 0,00 
130 20/03/2006 15 19 6 4 24 2 17 25 13 23 10 12 5 3 9 3 952 29720 362203 1689512 417.614,17 561,87 10,00 4,00 2,00 0,00 
131 27/03/2006 2 25 20 12 5 7 6 11 13 19 8 4 15 22 23 1 660 23967 320580 1600418 1.341.544,37 871,13 10,00 4,00 2,00 0,00 
132 03/04/2006 9 25 14 11 7 15 1 22 16 4 5 17 3 10 23 10 792 26452 340872 1584197 135.976,17 733,01 10,00 4,00 2,00 0,00 
133 10/04/2006 18 22 9 3 15 20 8 21 4 19 13 1 11 23 5 5 895 32294 385069 1862691 217.132,17 517,90 10,00 4,00 2,00 0,00 
134 17/04/2006 12 16 5 7 11 19 8 25 22 17 14 1 3 10 13 4 1345 32243 321650 1628816 325.378,91 413,15 10,00 4,00 2,00 0,00 
135 24/04/2006 7 22 13 2 21 14 19 8 1 25 20 10 15 18 5 7 775 20815 253415 1441124 234.154,46 906,41 10,00 4,00 2,00 0,00 
136 02/05/2006 1 2 23 12 17 21 5 22 9 15 24 14 13 6 3 2 329 14555 238514 1255488 671.843,75 1.750,35 10,00 4,00 2,00 0,00 
137 08/05/2006 18 6 19 25 11 8 17 20 16 10 2 21 12 9 13 2 313 12648 221694 1259615 937.816,37 2.568,19 10,00 4,00 2,00 0,00 
138 15/05/2006 15 7 16 17 8 24 22 2 3 13 11 5 21 25 4 3 464 18695 250239 1503282 476.718,72 1.320,96 10,00 4,00 2,00 0,00 
139 22/05/2006 22 24 23 12 1 15 7 14 21 16 17 2 9 18 19 1 443 18564 247145 1370404 1.596.786,85 1.544,78 10,00 4,00 2,00 0,00 
140 29/05/2006 12 10 19 1 25 22 15 6 2 24 13 20 9 18 3 7 787 22971 268181 1413296 210.217,72 801,34 10,00 4,00 2,00 0,00 
141 05/06/2006 18 12 19 3 8 17 13 1 25 20 10 16 9 24 7 2 471 17588 247734 1532701 793.662,96 1.444,34 10,00 4,00 2,00 0,00 
142 12/06/2006 1 18 19 5 23 7 6 16 17 24 15 9 22 4 2 1 373 15636 246926 1364705 1.692.224,96 1.944,35 10,00 4,00 2,00 0,00 
143 19/06/2006 21 11 22 9 24 8 17 15 25 1 16 23 13 19 2 5 677 29324 326923 1643883 201.113,36 634,16 10,00 4,00 2,00 0,00 
144 26/06/2006 12 17 1 2 21 4 14 22 9 24 20 7 19 11 25 36 3305 39042 295178 1379832 35.936,80 167,14 10,00 4,00 2,00 0,00 
145 03/07/2006 14 15 20 22 13 10 25 11 18 9 24 2 3 1 17 3 815 30436 317461 1442001 395.268,82 621,20 10,00 4,00 2,00 0,00 
146 10/07/2006 17 22 12 2 11 5 24 10 14 13 25 16 1 23 8 6 557 21375 302776 1519562 219.758,40 1.014,53 10,00 4,00 2,00 0,00 
147 17/07/2006 2 5 12 13 21 23 22 11 1 10 6 25 4 19 16 3 624 25125 278315 1546507 472.583,65 973,73 10,00 4,00 2,00 0,00 
148 24/07/2006 5 22 24 2 1 12 8 21 16 25 20 9 13 4 17 17 1024 23278 276551 1552055 84.381,14 598,09 10,00 4,00 2,00 0,00 
149 01/08/2006 24 19 2 17 16 9 25 5 20 18 13 10 15 23 7 5 616 22974 303309 1711630 235.870,42 820,52 10,00 4,00 2,00 0,00 
150 07/08/2006 21 7 11 5 8 19 1 25 6 22 24 14 23 9 3 1 333 15291 253716 1446824 1.641.679,38 2.112,84 10,00 4,00 2,00 0,00 
151 14/08/2006 18 10 13 11 3 9 12 4 23 7 24 16 14 5 20 5 626 23014 277803 1417099 333.476,48 1.141,52 10,00 4,00 2,00 0,00 
152 21/08/2006 23 3 25 6 19 22 24 15 7 17 8 13 20 4 5 3 749 23507 300483 1517767 435.453,14 744,65 10,00 4,00 2,00 0,00 
153 28/08/2006 13 21 5 25 8 20 23 12 11 4 1 18 2 24 17 8 958 30251 365810 1713398 130.468,18 465,16 10,00 4,00 2,00 0,00 
154 04/09/2006 18 9 16 5 15 24 23 10 1 11 14 6 13 3 2 1 604 27326 262834 1558936 1.415.829,77 1.004,61 10,00 4,00 2,00 0,00 
155 11/09/2006 15 10 16 14 8 11 19 2 21 20 18 4 5 22 24 0 559 22378 250331 1242889 0,00 1.352,92 10,00 4,00 2,00 1.764.652,94 
156 18/09/2006 3 8 9 15 13 10 12 4 23 20 22 1 19 11 14 7 606 23142 344899 1779082 544.973,94 1.449,91 10,00 4,00 2,00 0,00 
157 25/09/2006 10 14 2 18 25 9 21 7 24 1 16 6 4 12 19 9 1164 27968 294624 1457786 184.264,18 608,27 10,00 4,00 2,00 0,00 
158 02/10/2006 11 15 22 17 12 23 2 7 16 18 19 9 20 10 8 2 379 14044 227436 1333606 903.537,47 2.043,43 10,00 4,00 2,00 0,00 
159 09/10/2006 11 2 1 3 17 15 25 10 24 14 4 6 8 5 20 2 699 23036 296027 1584286 703.307,50 862,43 10,00 4,00 2,00 0,00 
160 16/10/2006 15 14 3 12 16 24 19 21 20 17 10 4 9 1 11 3 343 15261 208539 1221736 597.551,18 2.239,89 10,00 4,00 2,00 0,00 
161 19/10/2006 21 24 1 8 20 17 25 18 11 5 15 23 22 16 13 0 611 15775 239227 918806 0,00 331,96 10,00 4,00 2,00 475.058,19 
162 23/10/2006 3 1 12 6 20 11 5 16 24 2 8 23 13 4 18 5 473 17329 259119 1359430 326.388,90 1.048,22 10,00 4,00 2,00 0,00 
163 26/10/2006 21 3 14 6 2 1 25 9 15 13 20 24 23 7 5 3 301 14090 182825 1000015 264.578,33 1.130,14 10,00 4,00 2,00 0,00 
164 30/10/2006 1 11 14 5 15 10 2 6 21 18 3 24 8 23 22 1 350 14833 215986 1200787 1.166.134,45 1.427,92 10,00 4,00 2,00 0,00 
165 03/11/2006 9 1 19 13 14 4 12 15 25 2 22 8 18 17 6 2 474 15818 152856 784846 370.695,33 667,80 10,00 4,00 2,00 0,00 
166 06/11/2006 18 3 9 21 19 22 8 15 10 23 14 2 20 4 13 39 1363 18402 206939 965304 30.597,68 373,80 10,00 4,00 2,00 0,00 
167 09/11/2006 18 10 1 13 19 9 16 14 24 2 6 3 22 8 23 3 531 16831 202659 1017291 302.468,28 729,59 10,00 4,00 2,00 0,00 
168 13/11/2006 1 7 20 4 19 12 24 3 15 17 16 2 10 23 22 1 386 15449 205259 1185853 1.467.158,17 1.628,97 10,00 4,00 2,00 0,00 
169 16/11/2006 4 16 24 6 8 11 15 10 1 21 5 12 9 7 20 0 239 8661 119123 733474 0,00 1.973,03 10,00 4,00 2,00 1.100.295,03 
170 21/11/2006 7 22 25 4 13 23 6 5 1 20 3 10 18 8 16 1 614 25288 329486 1467483 2.382.496,82 894,98 10,00 4,00 2,00 0,00 
171 23/11/2006 24 3 25 10 17 13 16 22 15 4 1 23 12 11 21 4 268 9173 148445 853294 214.073,05 1.369,34 10,00 4,00 2,00 0,00 
172 27/11/2006 2 18 9 11 7 13 6 1 4 25 12 20 21 22 10 1 491 15871 198340 1108489 1.294.736,87 1.130,12 10,00 4,00 2,00 0,00 
173 30/11/2006 2 5 11 23 22 15 8 24 20 21 19 3 7 4 25 0 245 10219 148861 869873 0,00 1.729,59 10,00 4,00 2,00 988.749,60 
174 04/12/2006 4 7 13 23 10 20 2 9 1 15 24 17 12 25 11 11 1312 35908 358227 1677488 164.220,21 266,09 10,00 4,00 2,00 0,00 
175 07/12/2006 7 11 2 14 18 5 21 19 16 3 15 12 24 13 6 2 267 11214 149794 846444 640.155,35 2.055,07 10,00 4,00 2,00 0,00 
176 11/12/2006 12 25 15 21 10 4 24 16 11 13 18 2 22 17 23 1 807 33717 236870 1292800 1.219.699,48 645,28 10,00 4,00 2,00 0,00 
177 14/12/2006 24 16 11 13 6 19 2 17 7 8 15 20 10 23 21 2 513 17607 189127 1003314 561.611,08 938,37 10,00 4,00 2,00 0,00 
178 18/12/2006 6 3 21 25 10 20 19 23 9 4 8 2 24 16 14 1 283 13048 190022 1115303 1.521.659,37 2.304,38 10,00 4,00 2,00 0,00 
179 21/12/2006 2 15 17 3 22 19 14 7 23 25 5 4 24 9 13 6 1085 31036 321695 1307885 82.980,10 195,92 10,00 4,00 2,00 0,00 
180 26/12/2006 2 4 11 20 17 25 24 7 1 5 3 10 15 6 8 13 7687 18027 183658 1062910 68.697,01 49,61 10,00 4,00 2,00 0,00 
181 28/12/2006 1 16 22 5 20 7 23 8 15 4 6 14 17 19 21 2 360 9926 121305 708743 648.701,32 1.544,53 10,00 4,00 2,00 0,00 
182 02/01/2007 11 22 8 19 17 3 2 14 25 9 7 21 13 23 4 7 928 23347 253900 1053677 83.505,82 268,93 10,00 4,00 2,00 0,00 
183 04/01/2007 8 7 6 13 23 11 19 21 16 25 14 20 24 2 4 4 424 13906 182663 839141 218.236,04 882,35 10,00 4,00 2,00 0,00 
184 08/01/2007 3 17 7 23 11 15 8 1 19 21 25 16 18 9 10 3 423 43275 270561 1208438 282.071,90 857,36 10,00 4,00 2,00 0,00 
185 11/01/2007 20 19 25 6 1 15 23 8 12 9 11 4 7 2 17 3 489 16699 211910 1027602 298.398,38 781,59 10,00 4,00 2,00 0,00 
186 15/01/2007 16 25 23 22 13 5 6 19 24 17 2 18 4 11 12 2 338 13786 217999 1189905 628.034,83 1.592,65 10,00 4,00 2,00 0,00 
187 18/01/2007 21 25 12 1 16 3 13 24 11 17 19 15 23 22 18 2 636 53783 192863 1064100 374.968,40 503,43 10,00 4,00 2,00 0,00 
188 22/01/2007 16 19 20 10 25 24 22 8 13 5 11 23 21 2 3 6 515 19440 252304 1384753 167.432,00 836,00 10,00 4,00 2,00 0,00 
189 25/01/2007 9 13 5 18 23 19 16 22 1 2 7 4 20 6 24 2 324 16766 159294 930299 497.279,18 1.315,56 10,00 4,00 2,00 0,00 
190 29/01/2007 16 11 13 15 23 24 8 1 5 18 4 19 3 7 14 3 583 19039 240715 1257119 350.459,97 769,96 10,00 4,00 2,00 0,00 
191 01/02/2007 23 9 18 5 19 20 8 2 22 10 13 21 15 17 12 1 412 15024 213016 997044 964.343,13 1.003,13 10,00 4,00 2,00 0,00 
192 05/02/2007 24 11 1 13 3 6 16 4 15 22 2 23 14 5 21 3 754 34386 197879 1082451 435.921,62 740,51 10,00 4,00 2,00 0,00 
193 08/02/2007 14 16 21 2 9 19 20 3 4 10 25 1 15 5 8 2 316 11974 141482 846030 670.419,19 1.818,50 10,00 4,00 2,00 0,00 
194 12/02/2007 23 14 22 25 12 18 8 9 13 15 2 21 17 7 10 1 354 14957 233715 1231332 1.197.208,94 1.449,40 10,00 4,00 2,00 0,00 
195 15/02/2007 4 3 14 22 19 17 9 12 18 7 23 8 11 2 6 10 1073 38496 230650 1015550 86.522,69 344,28 10,00 4,00 2,00 0,00 
196 22/02/2007 22 24 10 15 16 25 20 14 17 5 2 4 23 19 3 1 323 13239 208826 1170750 1.278.818,47 1.696,80 10,00 4,00 2,00 0,00 
197 26/02/2007 9 13 23 20 3 6 10 5 22 4 8 12 7 18 21 4 451 16365 189310 1075584 327.278,19 1.244,01 10,00 4,00 2,00 0,00 
198 01/03/2007 25 1 6 2 13 7 18 21 14 4 15 20 5 17 16 3 283 10301 141305 840903 409.715,30 1.861,40 10,00 4,00 2,00 0,00 
199 05/03/2007 23 2 6 11 22 20 4 3 15 5 1 9 21 12 19 1 381 13664 178579 1124850 1.321.388,89 1.486,38 10,00 4,00 2,00 0,00 
200 08/03/2007 16 8 9 5 23 11 13 12 4 14 15 2 1 21 24 2 280 12673 191340 1015452 519.190,74 1.589,36 10,00 4,00 2,00 0,00 
201 12/03/2007 10 15 8 19 2 11 12 5 20 1 22 4 13 9 14 4 614 22333 262852 1261685 262.310,00 729,59 10,00 4,00 2,00 0,00 
202 15/03/2007 5 14 23 19 24 10 17 11 1 21 22 13 16 3 18 0 269 12150 175505 1105371 0,00 1.703,36 10,00 4,00 2,00 1.069.138,00 
203 19/03/2007 24 2 4 5 12 13 1 3 23 18 6 7 25 14 17 15 1447 32382 318444 1557370 151.893,08 356,80 10,00 4,00 2,00 0,00 
204 22/03/2007 8 25 16 17 23 22 5 15 4 7 24 2 14 3 11 4 566 20023 239733 1095166 233.188,57 703,60 10,00 4,00 2,00 0,00 
205 26/03/2007 21 4 18 12 22 10 2 16 17 11 3 15 25 14 9 1 322 11225 159125 963861 1.651.759,41 2.198,44 10,00 4,00 2,00 0,00 
206 29/03/2007 22 9 5 16 15 3 13 8 21 2 12 17 11 20 14 2 270 10506 142271 908597 590.228,22 1.873,74 10,00 4,00 2,00 0,00 
207 02/04/2007 4 12 6 1 15 10 19 3 14 9 17 2 13 22 20 1 364 14813 231395 1202103 1.211.903,70 1.426,89 10,00 4,00 2,00 0,00 
208 05/04/2007 24 19 16 7 3 12 23 6 9 10 4 1 14 11 15 2 381 12101 149390 870271 534.367,26 1.202,18 10,00 4,00 2,00 0,00 
209 09/04/2007 24 1 19 22 25 3 10 15 14 6 5 18 21 7 9 3 267 11913 161154 926604 425.084,14 2.046,96 10,00 4,00 2,00 0,00 
210 12/04/2007 15 16 7 14 18 22 10 13 23 11 3 24 9 21 5 2 533 18516 224602 1065835 467.257,17 748,57 10,00 4,00 2,00 0,00 
211 16/04/2007 17 1 10 12 2 6 8 4 24 18 14 22 11 16 25 12 2051 36077 258629 1136150 92.363,73 230,72 10,00 4,00 2,00 0,00 
212 19/04/2007 16 6 19 22 3 1 20 11 10 14 8 23 4 9 12 3 497 18605 187834 953316 356.439,49 922,09 10,00 4,00 2,00 0,00 
213 23/04/2007 16 1 10 21 5 4 9 23 8 3 24 25 11 18 19 0 331 13114 188730 1138481 0,00 1.367,72 10,00 4,00 2,00 1.056.335,44 
214 26/04/2007 2 14 4 18 9 24 11 1 13 19 3 22 25 20 15 2 386 21187 225619 1305857 1.099.865,39 1.269,50 10,00 4,00 2,00 0,00 
215 30/04/2007 17 15 3 12 25 9 19 23 11 4 7 14 5 18 1 4 1009 35510 302969 1254385 160.486,33 271,64 10,00 4,00 2,00 0,00 
216 03/05/2007 11 9 17 13 21 6 4 25 24 5 3 7 19 2 10 3 479 17238 215394 1040245 292.829,11 783,02 10,00 4,00 2,00 0,00 
217 07/05/2007 6 16 4 5 12 19 11 25 10 21 7 2 9 17 3 2 548 39451 196007 1096546 641.708,91 1.003,71 10,00 4,00 2,00 0,00 
218 10/05/2007 21 25 15 17 11 22 2 16 8 13 14 12 5 20 7 1 349 20284 151533 942198 1.295.114,22 1.590,40 10,00 4,00 2,00 0,00 
219 14/05/2007 19 24 3 22 2 17 11 18 25 16 23 8 9 14 6 1 334 14810 202799 1139236 1.321.125,73 1.695,20 10,00 4,00 2,00 0,00 
220 17/05/2007 21 16 5 25 13 23 24 10 20 18 14 9 15 12 17 0 275 12225 180556 912407 0,00 1.847,51 10,00 4,00 2,00 1.185.483,63 
221 21/05/2007 6 1 17 7 21 12 3 23 16 20 2 8 19 10 25 2 382 16379 218172 1280912 1.431.076,01 1.881,08 10,00 4,00 2,00 0,00 
222 24/05/2007 5 15 21 4 23 12 7 8 24 22 6 18 1 3 9 1 232 9982 160368 915510 1.137.537,20 2.101,36 10,00 4,00 2,00 0,00 
223 28/05/2007 9 23 14 22 2 24 11 7 10 13 16 21 4 12 20 0 371 15354 198520 1110738 0,00 1.478,50 10,00 4,00 2,00 1.279.890,48 
224 31/05/2007 24 9 8 4 19 11 21 13 18 20 15 23 10 6 12 4 364 14879 202689 1195711 674.947,70 1.671,79 10,00 4,00 2,00 0,00 
225 04/06/2007 15 25 8 1 23 3 5 13 2 19 14 20 22 7 18 3 912 29008 279442 1416966 314.688,25 441,96 10,00 4,00 2,00 0,00 
226 08/06/2007 20 5 19 14 13 10 8 15 17 21 18 4 16 11 25 1 238 9088 135676 887477 1.033.333,31 1.860,74 10,00 4,00 2,00 0,00 
227 11/06/2007 10 18 20 21 5 17 14 12 19 7 22 15 9 1 8 3 313 12127 168590 958513 426.727,90 1.752,87 10,00 4,00 2,00 0,00 
228 14/06/2007 14 15 19 17 11 4 20 16 13 25 12 24 18 2 10 7 510 12306 199913 991171 162.006,70 952,98 10,00 4,00 2,00 0,00 
229 18/06/2007 9 6 25 15 20 12 16 14 11 10 17 23 8 13 2 3 322 12883 210219 1189925 451.708,06 1.803,62 10,00 4,00 2,00 0,00 
230 21/06/2007 6 1 4 24 17 22 8 11 2 5 15 13 14 3 10 1 656 21649 267144 1107051 912.992,46 594,21 10,00 4,00 2,00 0,00 
231 25/06/2007 24 17 19 12 21 1 5 18 10 2 7 15 25 6 16 1 366 14413 170116 1009785 1.574.316,19 1.843,46 10,00 4,00 2,00 0,00 
232 28/06/2007 11 24 21 23 14 25 16 13 12 4 5 17 6 9 18 1 252 10957 164814 946981 1.197.922,11 2.037,28 10,00 4,00 2,00 0,00 
233 02/07/2007 1 14 7 3 13 2 6 8 12 5 21 17 9 19 4 8 820 24183 291569 1234674 122.409,35 509,88 10,00 4,00 2,00 0,00 
234 05/07/2007 11 14 1 5 2 12 3 4 13 17 24 9 15 21 22 1 676 39252 226627 1231982 889.594,53 561,85 10,00 4,00 2,00 0,00 
235 09/07/2007 21 13 24 14 18 17 8 16 12 23 19 15 1 25 10 4 475 16531 263639 1103205 248.234,57 895,89 10,00 4,00 2,00 0,00 
236 12/07/2007 1 13 3 22 25 23 5 16 4 9 12 15 8 7 21 0 359 16808 225582 1248389 0,00 1.298,37 10,00 4,00 2,00 1.087.600,01 
237 16/07/2007 13 12 7 6 5 19 23 16 4 20 22 9 18 15 21 5 759 22024 267999 1388224 545.832,17 926,91 10,00 4,00 2,00 0,00 
238 19/07/2007 11 17 19 24 20 13 6 21 4 12 1 14 23 15 3 1 319 12604 177262 1112538 1.158.825,53 1.556,87 10,00 4,00 2,00 0,00 
239 23/07/2007 7 13 9 14 25 15 10 22 1 23 16 3 6 19 5 4 736 22562 264149 1294387 268.193,92 622,31 10,00 4,00 2,00 0,00 
240 26/07/2007 2 10 9 23 19 15 1 13 22 4 11 18 14 16 21 1 395 14664 181955 1027526 1.076.749,80 1.168,26 10,00 4,00 2,00 0,00 
241 30/07/2007 14 5 23 24 13 15 21 8 12 9 25 4 17 20 3 6 550 18840 248779 1368593 162.955,29 758,98 10,00 4,00 2,00 0,00 
242 02/08/2007 13 2 21 19 8 15 17 6 22 14 9 16 18 23 5 2 500 16629 210405 1126014 553.900,01 949,54 10,00 4,00 2,00 0,00 
243 06/08/2007 5 3 13 25 7 23 16 21 18 1 20 4 2 12 17 0 395 15691 239166 1305797 0,00 1.431,01 10,00 4,00 2,00 1.318.918,79 
244 09/08/2007 6 12 10 24 11 7 18 15 3 22 5 14 20 21 9 4 654 22161 252057 1277102 761.115,43 1.130,76 10,00 4,00 2,00 0,00 
245 13/08/2007 11 24 10 19 18 12 14 25 1 9 2 15 6 7 16 1 397 17309 203970 1148741 1.602.862,09 1.730,33 10,00 4,00 2,00 0,00 
246 16/08/2007 8 7 25 24 1 5 9 21 18 15 17 12 10 4 13 2 646 17875 209948 1210961 514.572,62 680,17 10,00 4,00 2,00 0,00 
247 20/08/2007 1 22 7 8 14 4 2 25 3 17 15 16 23 19 9 1 746 22515 262704 1367044 1.100.400,40 629,77 10,00 4,00 2,00 0,00 
248 23/08/2007 25 10 12 8 5 2 11 20 21 1 16 19 9 13 15 5 568 18679 213407 1182527 205.597,54 772,71 10,00 4,00 2,00 0,00 
249 27/08/2007 23 5 21 14 18 12 7 15 8 4 25 9 22 17 10 4 456 20710 240312 1246804 300.690,74 1.130,42 10,00 4,00 2,00 0,00 
250 30/08/2007 19 13 2 5 23 9 3 10 15 17 16 18 21 12 1 1 456 20409 248997 1315442 729.124,59 682,67 10,00 4,00 2,00 0,00 
251 03/09/2007 21 13 19 15 23 18 22 9 4 25 16 10 3 5 6 3 546 18852 250206 1373895 388.791,25 915,52 10,00 4,00 2,00 0,00 
252 06/09/2007 2 6 18 25 15 11 24 23 3 22 17 4 19 14 8 1 578 23054 215463 1143748 1.145.268,64 849,19 10,00 4,00 2,00 0,00 
253 10/09/2007 22 4 19 5 21 23 6 1 18 11 12 15 8 13 7 3 467 15696 205230 1103731 384.999,07 1.059,96 10,00 4,00 2,00 0,00 
254 13/09/2007 20 2 23 6 5 14 15 9 8 3 7 11 16 13 4 4 344 14579 247017 1172541 309.239,02 1.541,06 10,00 4,00 2,00 0,00 
255 17/09/2007 17 3 4 1 2 14 15 10 9 16 22 24 6 21 23 3 426 13725 186470 1138744 574.134,62 1.732,80 10,00 4,00 2,00 0,00 
256 20/09/2007 1 12 10 9 16 8 18 20 7 2 6 22 13 15 24 6 458 17563 205198 1057444 219.836,27 1.234,27 10,00 4,00 2,00 0,00 
257 24/09/2007 22 10 12 9 7 18 13 6 1 16 3 24 14 17 19 2 600 20544 242288 1285535 656.028,71 937,19 10,00 4,00 2,00 0,00 
258 27/09/2007 13 20 12 4 2 25 22 24 19 21 9 6 14 5 17 6 877 21971 214688 1070083 198.893,58 580,96 10,00 4,00 2,00 0,00 
259 01/10/2007 10 25 18 15 6 21 22 20 7 3 8 9 24 19 5 0 293 15192 173008 1099965 0,00 2.477,16 10,00 4,00 2,00 1.693.556,25 
260 04/10/2007 24 11 5 19 7 20 9 18 14 3 13 8 1 6 4 1 422 19243 268373 1601008 3.407.439,83 1.740,58 10,00 4,00 2,00 0,00 
261 08/10/2007 4 2 16 15 25 6 11 21 5 17 19 20 7 13 1 2 599 27065 281319 1393103 650.009,12 930,14 10,00 4,00 2,00 0,00 
262 11/10/2007 8 21 12 20 3 14 13 7 9 24 15 23 4 17 6 1 461 23646 215284 1197030 1.189.723,12 1.106,03 10,00 4,00 2,00 0,00 
263 15/10/2007 23 19 8 15 16 11 7 21 24 9 10 1 18 4 14 0 550 17780 199155 1014306 0,00 963,09 10,00 4,00 2,00 1.235.966,89 
264 18/10/2007 8 3 25 6 22 9 13 23 20 4 16 19 1 12 21 6 748 21472 254846 1382097 468.787,91 903,42 10,00 4,00 2,00 0,00 
265 22/10/2007 7 12 22 5 19 11 18 8 13 16 17 24 1 20 15 0 366 15895 206626 1269650 0,00 1.649,50 10,00 4,00 2,00 1.408.672,99 
266 25/10/2007 18 21 3 19 4 14 24 22 5 6 7 9 11 1 15 5 819 28035 294716 1476164 574.831,70 763,96 10,00 4,00 2,00 0,00 
267 29/10/2007 15 11 23 9 12 6 14 13 17 24 21 2 5 4 3 2 580 25552 296938 1419919 512.949,16 755,18 10,00 4,00 2,00 0,00 
268 01/11/2007 25 23 8 15 9 16 20 12 7 18 6 19 5 10 14 1 458 15704 216481 1132430 1.270.248,98 1.188,63 10,00 4,00 2,00 0,00 
269 05/11/2007 22 2 1 4 13 15 18 19 24 23 10 16 17 6 14 1 357 13740 208513 1166041 1.330.336,28 1.597,04 10,00 4,00 2,00 0,00 
270 08/11/2007 16 1 14 5 9 18 8 3 6 25 7 19 23 4 24 0 456 18099 265177 1328618 0,00 1.086,78 10,00 4,00 2,00 1.156.332,26 
271 12/11/2007 19 11 5 16 24 20 25 6 4 12 8 1 21 2 18 6 449 19649 247576 1409801 513.005,15 1.834,26 10,00 4,00 2,00 0,00 
272 16/11/2007 25 15 12 1 4 9 13 24 8 17 5 20 11 23 2 6 872 27833 240292 1166264 131.266,52 385,62 10,00 4,00 2,00 0,00 
273 19/11/2007 16 5 21 7 12 20 1 15 24 18 25 10 19 17 6 2 4551 12563 161163 1034372 724.498,58 135,95 10,00 4,00 2,00 0,00 
274 22/11/2007 15 25 5 23 10 2 7 12 17 14 11 21 6 20 4 4 645 18874 202897 1037963 312.825,36 831,43 10,00 4,00 2,00 0,00 
275 26/11/2007 6 9 12 22 1 10 15 5 14 17 20 3 18 11 8 2 657 19774 226330 1222935 658.502,59 859,11 10,00 4,00 2,00 0,00 
276 29/11/2007 2 7 17 5 18 12 22 3 25 13 20 4 11 19 10 3 312 14987 188284 1058898 411.743,68 1.696,75 10,00 4,00 2,00 0,00 
277 03/12/2007 16 24 13 2 17 10 9 11 21 4 23 14 25 22 12 4 525 22011 213076 1251270 344.720,36 1.125,62 10,00 4,00 2,00 0,00 
278 06/12/2007 12 9 2 3 21 19 1 23 5 15 11 17 13 6 25 25 4310 76727 426871 1443593 14.182,21 35,13 10,00 4,00 2,00 0,00 
279 10/12/2007 12 10 3 17 18 6 5 23 1 2 22 19 11 9 13 3 804 23945 306944 1412942 384.377,54 612,34 10,00 4,00 2,00 0,00 
280 13/12/2007 9 25 20 10 19 24 5 13 16 3 17 11 6 15 4 7 1779 17395 224021 1249554 186.308,88 312,99 10,00 4,00 2,00 0,00 
281 17/12/2007 4 1 10 23 12 2 25 17 19 8 11 9 14 3 15 6 683 24788 310715 1611578 166.444,42 624,27 10,00 4,00 2,00 0,00 
282 20/12/2007 25 7 3 21 11 20 16 13 8 4 15 12 19 22 2 5 474 14750 190462 1120400 311.399,20 1.407,77 10,00 4,00 2,00 0,00 
283 22/12/2007 24 22 10 13 4 20 6 1 11 9 23 12 8 2 19 5 359 11743 140718 677731 125.730,62 747,63 10,00 4,00 2,00 0,00 
284 27/12/2007 23 5 22 7 21 12 25 13 1 11 15 17 3 6 19 7 3392 89618 409708 1452685 51.508,88 45,39 10,00 4,00 2,00 0,00 
285 29/12/2007 11 16 8 10 14 1 4 5 15 22 9 12 19 13 23 3 338 13308 131095 794186 231.166,67 879,33 10,00 4,00 2,00 0,00 
286 03/01/2008 25 1 23 21 7 4 11 9 12 2 13 10 24 19 3 3 729 27687 296552 1434986 224.820,40 396,51 10,00 4,00 2,00 0,00 
287 07/01/2008 15 21 6 23 2 10 22 25 7 17 16 5 18 13 12 5 528 17308 223741 1228506 270.692,90 1.098,59 10,00 4,00 2,00 0,00 
288 10/01/2008 18 15 6 19 2 10 3 14 25 9 24 1 4 13 12 1 504 18396 224846 1284701 1.112.109,33 945,67 10,00 4,00 2,00 0,00 
289 14/01/2008 4 8 1 3 10 19 2 14 6 9 17 15 12 24 22 14 1421 34554 333071 1433297 63.211,34 266,90 10,00 4,00 2,00 0,00 
290 17/01/2008 17 9 13 2 23 14 11 20 22 7 6 12 1 21 5 5 437 15046 198722 1215690 244.730,42 1.200,05 10,00 4,00 2,00 0,00 
291 21/01/2008 14 8 15 10 1 5 17 24 2 12 7 13 23 20 11 5 554 19853 244168 1365109 236.637,79 915,31 10,00 4,00 2,00 0,00 
292 24/01/2008 21 3 24 7 17 5 2 11 13 9 22 12 25 16 8 1 513 17502 203845 1145496 1.210.021,45 1.010,88 10,00 4,00 2,00 0,00 
293 28/01/2008 14 12 3 9 25 22 13 24 2 6 1 23 18 15 19 3 722 40725 266109 1420232 311.274,88 554,31 10,00 4,00 2,00 0,00 
294 31/01/2008 11 16 24 4 20 2 1 5 7 3 8 12 15 23 25 3 451 14533 198742 1146969 423.387,36 1.206,99 10,00 4,00 2,00 0,00 
295 07/02/2008 25 24 6 23 15 10 3 21 13 18 2 4 19 17 16 2 336 16242 237731 1327959 710.326,08 1.812,06 10,00 4,00 2,00 0,00 
296 11/02/2008 16 18 14 6 22 11 15 19 2 25 7 3 12 8 17 5 319 12612 181976 1088291 317.206,80 2.130,81 10,00 4,00 2,00 0,00 
297 14/02/2008 23 10 25 24 1 21 15 9 8 16 4 22 14 7 12 0 267 11711 165948 1000928 0,00 2.388,76 10,00 4,00 2,00 1.488.197,27 
298 18/02/2008 1 6 7 16 4 24 21 8 13 3 11 15 14 12 22 2 421 15894 227004 1522778 1.712.831,75 1.972,31 10,00 4,00 2,00 0,00 
299 21/02/2008 10 20 3 24 23 6 17 8 22 13 7 5 19 18 21 1 261 13134 195795 1051550 1.400.709,24 2.300,02 10,00 4,00 2,00 0,00 
300 25/02/2008 7 21 9 4 11 23 19 17 3 12 8 25 20 15 22 5 671 20196 258453 1332471 236.323,91 754,71 10,00 4,00 2,00 0,00 
301 28/02/2008 2 9 11 3 17 13 12 19 20 15 22 23 18 8 14 4 654 20814 274101 1312404 207.255,79 543,27 10,00 4,00 2,00 0,00 
302 03/03/2008 18 20 9 6 11 25 2 16 15 14 4 22 12 10 5 9 906 26568 243704 1152753 154.317,67 656,98 10,00 4,00 2,00 0,00 
303 06/03/2008 6 22 18 21 12 24 23 20 15 17 2 8 3 16 4 3 343 15661 203428 1079262 452.508,66 1.696,20 10,00 4,00 2,00 0,00 
304 10/03/2008 1 15 22 16 14 4 18 17 12 21 20 25 5 3 19 0 259 9066 148763 997021 0,00 2.902,10 10,00 4,00 2,00 1.753.836,94 
305 13/03/2008 20 10 25 4 3 18 22 21 2 8 11 12 5 24 13 3 584 21381 283628 1490712 1.088.299,38 1.108,90 10,00 4,00 2,00 0,00 
306 17/03/2008 25 5 13 4 2 8 20 1 11 16 18 12 14 15 19 0 320 17342 202597 1229254 0,00 1.852,02 10,00 4,00 2,00 1.382.844,08 
307 20/03/2008 20 9 12 14 23 17 21 24 19 1 3 10 15 4 6 22 1413 32008 275894 1240760 120.368,22 383,76 10,00 4,00 2,00 0,00 
308 24/03/2008 23 1 21 16 24 19 5 25 12 13 22 4 18 2 15 2 409 15693 236924 1225502 506.005,32 1.060,44 10,00 4,00 2,00 0,00 
309 27/03/2008 3 13 22 10 16 21 1 9 14 20 4 8 17 24 2 2 404 12892 173688 990478 694.576,96 1.473,64 10,00 4,00 2,00 0,00 
310 31/03/2008 11 14 21 10 3 24 18 19 9 15 23 16 5 2 17 1 425 15440 201420 1160428 1.396.694,91 1.408,43 10,00 4,00 2,00 0,00 
311 03/04/2008 23 5 24 12 17 10 25 2 14 16 20 19 15 7 4 9 651 23806 225341 1142240 133.572,09 791,41 10,00 4,00 2,00 0,00 
312 07/04/2008 22 8 9 18 2 17 10 19 1 16 25 11 13 12 6 1 386 16143 211127 1238109 1.458.512,89 1.619,37 10,00 4,00 2,00 0,00 
313 10/04/2008 7 6 14 23 17 12 15 19 10 16 9 25 2 3 18 3 456 18119 231723 1255491 381.993,94 1.077,05 10,00 4,00 2,00 0,00 
314 14/04/2008 21 5 11 1 8 19 2 22 9 20 6 12 14 13 15 1 468 17436 212788 1261900 1.364.366,67 1.249,42 10,00 4,00 2,00 0,00 
315 17/04/2008 16 13 11 23 5 6 21 17 8 2 24 3 20 14 19 10 1080 21712 211835 1071147 125.445,39 497,80 10,00 4,00 2,00 0,00 
316 22/04/2008 8 19 6 14 4 3 24 23 1 13 12 15 10 18 7 1 434 16372 199719 1101192 847.060,95 836,47 10,00 4,00 2,00 0,00 
317 24/04/2008 21 5 8 4 11 1 22 2 25 14 18 16 9 24 19 3 461 16254 179587 952067 367.450,06 1.024,80 10,00 4,00 2,00 0,00 
318 28/04/2008 11 21 12 14 6 4 16 15 13 25 5 3 18 23 9 4 429 18173 221406 1258488 290.530,52 1.160,96 10,00 4,00 2,00 0,00 
319 02/05/2008 14 24 6 9 4 8 3 16 23 1 19 10 20 12 17 7 751 27120 187666 917589 129.225,31 516,21 10,00 4,00 2,00 0,00 
320 05/05/2008 19 15 12 17 11 18 1 25 3 22 9 21 14 6 23 3 493 17434 234131 1229263 316.958,56 826,61 10,00 4,00 2,00 0,00 
321 08/05/2008 17 20 12 25 9 24 14 3 10 2 4 13 11 16 18 1 363 15732 193924 1100213 1.308.152,15 1.544,46 10,00 4,00 2,00 0,00 
322 12/05/2008 1 12 13 2 16 23 3 7 5 20 17 18 15 24 21 2 509 22083 228275 1286179 606.827,96 1.021,89 10,00 4,00 2,00 0,00 
323 15/05/2008 4 17 2 21 14 1 3 20 6 7 10 25 23 9 19 1 362 15703 205418 1101654 1.207.120,36 1.429,11 10,00 4,00 2,00 0,00 
324 19/05/2008 21 10 2 23 8 1 24 16 6 4 7 12 9 3 20 4 290 11630 189382 1109531 377.040,37 2.228,81 10,00 4,00 2,00 0,00 
325 23/05/2008 25 10 22 20 23 5 4 6 2 14 24 19 7 15 1 0 256 10643 149581 880526 0,00 2.041,78 10,00 4,00 2,00 1.219.620,39 
326 26/05/2008 25 7 24 6 15 13 12 10 1 18 8 11 4 17 2 3 502 18802 238352 1338497 845.942,74 1.125,39 10,00 4,00 2,00 0,00 
327 29/05/2008 19 8 4 14 3 16 1 15 13 12 17 21 23 2 18 4 418 16121 223081 1259895 241.255,81 989,43 10,00 4,00 2,00 0,00 
328 02/06/2008 13 2 25 23 19 11 12 22 18 24 4 5 3 15 21 2 658 45227 246938 1427296 557.712,09 726,51 10,00 4,00 2,00 0,00 
329 05/06/2008 18 21 8 20 24 9 1 14 4 23 25 3 17 2 13 5 606 21890 268768 1374725 214.440,72 758,28 10,00 4,00 2,00 0,00 
330 09/06/2008 15 19 24 25 2 12 14 5 9 22 23 1 18 17 6 5 738 31136 296602 1469456 232.346,13 674,64 10,00 4,00 2,00 0,00 
331 12/06/2008 16 15 13 19 5 23 3 18 1 7 6 22 21 25 12 7 1215 32125 300389 1421050 126.426,54 312,16 10,00 4,00 2,00 0,00 
332 16/06/2008 3 2 11 21 20 12 6 5 19 7 23 24 14 10 25 4 511 17926 215746 1219635 392.555,41 1.316,94 10,00 4,00 2,00 0,00 
333 19/06/2008 16 2 13 25 9 14 1 6 21 15 5 23 18 12 11 13 847 29908 259841 1376784 69.149,30 454,85 10,00 4,00 2,00 0,00 
334 23/06/2008 17 8 13 15 11 22 21 6 1 2 18 23 25 7 16 5 564 27218 227334 1327880 249.447,01 947,75 10,00 4,00 2,00 0,00 
335 26/06/2008 16 14 21 9 6 17 8 3 20 19 1 12 11 7 4 3 365 13738 188747 1009236 469.504,44 1.653,83 10,00 4,00 2,00 0,00 
336 30/06/2008 10 15 16 11 3 25 1 14 19 5 22 2 17 6 8 7 655 21173 230794 1182316 199.505,51 913,76 10,00 4,00 2,00 0,00 
337 03/07/2008 3 11 7 8 23 4 19 16 9 5 1 18 22 10 12 3 448 16514 211919 1140661 433.926,54 1.245,33 10,00 4,00 2,00 0,00 
338 07/07/2008 16 4 7 19 9 3 5 21 20 15 25 17 6 14 12 2 487 18303 246771 1287428 721.253,58 1.269,44 10,00 4,00 2,00 0,00 
339 10/07/2008 13 19 1 23 18 16 15 5 22 20 24 21 8 2 10 4 592 20706 240542 1259730 296.278,06 857,95 10,00 4,00 2,00 0,00 
340 14/07/2008 14 4 19 2 8 21 20 25 11 10 6 9 5 22 3 1 327 12947 186327 1169660 1.687.296,66 2.211,40 10,00 4,00 2,00 0,00 
341 17/07/2008 20 5 21 12 11 7 16 19 18 13 22 1 25 24 9 1 470 18651 218671 1192125 1.260.439,81 1.149,34 10,00 4,00 2,00 0,00 
342 21/07/2008 8 3 11 25 23 12 21 15 1 4 20 13 16 19 22 3 526 22656 244613 1441615 385.056,00 941,20 10,00 4,00 2,00 0,00 
343 24/07/2008 20 15 11 25 6 8 18 12 13 16 14 19 22 3 5 1 377 16379 212523 1239600 1.130.781,71 1.285,47 10,00 4,00 2,00 0,00 
344 28/07/2008 11 16 9 20 25 24 5 3 12 10 15 13 4 21 6 3 504 19170 205613 1218349 482.078,39 1.229,79 10,00 4,00 2,00 0,00 
345 31/07/2008 23 25 9 24 20 2 12 16 19 14 15 7 18 11 21 2 487 17730 243678 1169691 623.887,52 1.098,07 10,00 4,00 2,00 0,00 
346 04/08/2008 14 10 23 5 12 6 8 17 24 18 15 2 1 21 3 9 1172 30597 286722 1426264 136.257,48 448,43 10,00 4,00 2,00 0,00 
347 07/08/2008 15 24 19 3 18 14 25 12 20 9 10 11 5 8 7 1 472 17632 233556 1280973 1.352.922,32 1.228,44 10,00 4,00 2,00 0,00 
348 11/08/2008 14 8 20 19 12 25 1 7 18 24 2 17 5 22 21 3 513 19748 237771 1287333 492.793,03 1.235,07 10,00 4,00 2,00 0,00 
