1 11/3/1996 41 5 4 52 30 33 0 0,00 17 39.158,92 216 330,21 SIM 1.714.650,23 
2 18/3/1996 9 39 37 49 43 41 1 2.37.162,23 65 14.424,2 4488 28,91 NÃO 0,00 
3 25/3/1996 36 30 10 11 29 47 2 391.192,51 62 10.515,93 4261 153,1 NÃO 0,00 
4 1/4/1996 6 59 42 27 1 5 0 0,00 39 15.322,24 3311 180,48 SIM 717.80,75 
5 8/4/1996 1 19 46 6 16 2 0 0,00 98 5.318,10 5399 96,53 SIM 1.342.488,85 
6 15/4/1996 19 40 7 13 22 47 0 0,00 19 7.214,66 7147 110,3 SIM 2.286.166,33 
7 22/4/1996 56 38 21 20 3 5 0 0,00 100 8.746,5 5736 152,48 SIM 3.335.692,28 
8 29/4/1996 53 17 38 4 47 37 0 0,00 60 16.84,11 5262 183,40 SIM 4.493.748,19 
9 6/5/1996 55 43 56 54 8 60 0 0,00 17 60.43,79 2175 469,31 SIM 5.718.641,49 
10 13/5/1996 25 4 18 57 21 38 0 0,00 251 6.638,45 12590 132,35 SIM 13.334.769,81 
11 20/5/1996 25 15 58 37 59 38 1 15.591.365,7 148 12.76,5 9442 199,16 NÃO 0,00 
12 27/5/1996 20 27 43 16 19 4 0 0,00 18 6.791,17 6454 113,64 SIM 880.136,24 
13 3/6/1996 47 32 50 54 18 56 0 0,00 43 20.543,98 2934 31,9 SIM 1.940.25,35 
14 10/6/1996 16 2 27 47 23 53 0 0,00 85 10.458,19 5323 167,00 SIM 3.06.941,32 
15 17/6/1996 60 12 33 52 35 51 0 0,00 57 17.919,89 3931 259,84 SIM 4.232.661,35 
16 24/6/1996 60 58 49 32 20 34 0 0,00 31 33.37,13 3250 317,70 SIM 5.471.686,62 
17 1/7/1996 10 20 6 19 51 13 1 6.789.869,8 144 7.628,37 9376 117,16 NÃO 0,00 
18 8/7/1996 37 36 56 27 42 23 0 0,00 52 13.763,52 4484 159,61 SIM 858.843,48 
19 15/7/1996 5 25 12 10 60 24 0 0,00 159 5.380,14 9250 92,48 SIM 10.56.266,73 
20 22/7/1996 25 28 30 33 51 11 0 0,00 72 15.486,97 5728 194,67 SIM 11.844.340,83 
21 29/7/1996 49 46 6 53 33 36 0 0,00 63 17.694,19 530 221,62 SIM 13.182.21,44 
22 5/8/1996 9 38 56 1 31 46 0 0,00 47 27.212,90 4865 262,90 SIM 14.716.828,84 
23 12/8/1996 17 52 51 59 39 37 0 0,00 74 20.198,46 4897 35,23 SIM 16.510.452,00 
24 19/8/1996 1 8 14 28 33 43 1 18.661.679,61 227 7.897,31 13486 132,93 NÃO 0,00 
25 25/8/1996 56 50 55 54 24 43 0 0,00 28 26.338,50 2741 269,6 SIM 884.973,50 
26 1/9/1996 50 53 57 10 58 22 0 0,00 16 52.473,74 1823 460,55 SIM 1.892.469,30 
27 8/9/1996 44 33 13 51 17 20 0 0,00 99 9.36,24 6466 142,49 SIM 2.998.50,68 
28 15/9/1996 60 6 22 3 24 54 0 0,00 50 19.749,22 4895 21,73 SIM 4.183.03,48 
29 22/9/1996 14 56 58 8 43 3 1 5.41.793,60 44 23.83,15 5248 193,53 NÃO 0,00 
30 29/9/1996 38 50 7 29 15 14 0 0,00 80 11.347,74 5885 154,26 SIM 10.127.520,80 
31 6/10/1996 56 19 28 48 17 45 0 0,00 13 8.793,4 5680 159,45 SIM 11.214.340,46 
32 13/10/1996 43 33 14 36 5 44 0 0,00 96 11.430,91 6876 159,60 SIM 12.531.181,83 
33 20/10/1996 5 33 49 17 42 39 1 13.997.410,74 128 9.545,76 8722 140,9 NÃO 0,00 
34 27/10/1996 15 13 57 53 40 17 0 0,00 51 13.64,6 2627 264,11 SIM 832.568,20 
35 3/11/1996 21 57 16 23 54 4 0 0,00 39 20.51,18 3576 218,68 SIM 1.770.963,49 
36 10/11/1996 13 3 51 17 29 25 0 0,00 143 6.238,12 8548 14,36 SIM 2.841.425,78 
37 17/11/1996 22 6 7 52 38 60 0 0,00 47 16.848,61 3695 214,32 SIM 3.791.687,26 
38 24/11/1996 55 42 10 43 45 54 0 0,00 24 38.863,10 1999 466,59 SIM 4.910.944,53 
39 1/12/1996 16 37 45 52 56 12 0 0,00 73 13.459,5 4444 221,9 SIM 13.456.111,33 
40 8/12/1996 3 12 46 5 47 8 0 0,00 189 7.789,93 12117 121,51 SIM 15.222.867,4 
41 15/12/1996 38 26 35 39 12 47 1 17.19.238,50 148 10.114,70 1182 147,3 NÃO 0,00 
42 22/12/1996 24 36 19 33 7 11 0 0,00 21 3.684,64 9580 77,31 SIM 888.735,2 
43 29/12/1996 2 58 25 6 26 17 0 0,00 75 9.738,3 570 144,6 SIM 1.765.157,22 
44 5/1/1997 47 38 18 14 29 44 0 0,00 13 7.99,32 7742 94,45 SIM 2.642.633,14 
45 12/1/1997 30 7 37 55 44 53 0 0,00 33 27.21,47 304 298,82 SIM 3.719.811,46 
46 19/1/1997 32 46 1 60 24 23 0 0,00 91 9.982,42 6263 145,4 SIM 4.89.891,56 
47 26/1/1997 35 17 3 48 25 56 0 0,00 210 4.458,44 1873 85,94 SIM 5.933.418,51 
48 2/2/1997 47 5 34 28 2 50 0 0,00 132 7.482,95 7454 132,25 SIM 7.118.717,38 
49 9/2/1997 33 7 43 35 13 55 1 8.45.156,76 155 6.916,34 9830 18,85 NÃO 0,00 
50 16/2/1997 57 44 21 16 58 6 0 0,00 31 25.241,25 2800 278,91 SIM 8.917.830,39 
51 23/2/1997 23 24 42 25 17 47 0 0,00 143 7.231,47 9361 110,25 SIM 10.158.749,73 
52 2/3/1997 58 15 59 30 38 46 0 0,00 77 15.544,23 6442 185,43 SIM 11.595.36,71 
53 9/3/1997 42 13 3 46 38 16 0 0,00 210 6.337,79 1941 121,41 SIM 13.192.159,46 
54 16/3/1997 5 21 9 56 18 36 2 7.469.653,99 27 7.33,61 1367 111,20 NÃO 0,00 
55 23/3/1997 29 2 14 38 23 52 0 0,00 66 10.817,63 3840 185,56 SIM 856.756,39 
56 30/3/1997 51 35 59 7 20 2 0 0,00 48 12.142,20 2599 223,81 SIM 1.556.147,46 
57 6/4/1997 27 17 16 34 7 59 0 0,00 79 10.699,10 6173 136,65 SIM 2.570.421,80 
58 13/4/1997 30 49 27 37 12 44 1 3.631.34,91 65 13.61,7 540 175,6 NÃO 0,00 
59 20/4/1997 28 13 34 2 8 54 0 0,00 90 7.312,34 5351 122,75 SIM 789.733,42 
60 27/4/1997 38 14 21 15 3 20 0 0,00 129 7.111,47 7914 115,69 SIM 9.478.249,26 
61 4/5/1997 59 8 18 29 42 44 0 0,00 52 18.92,94 3866 253,76 SIM 10.657.792,45 
62 11/5/1997 52 13 6 24 8 31 0 0,00 119 9.968,70 8613 137,46 SIM 12.81.323,45 
63 18/5/1997 26 9 41 49 25 40 1 13.680.19,57 82 16.246,91 6359 29,10 NÃO 0,00 
64 25/5/1997 8 54 50 60 23 12 0 0,00 29 23.39,96 2441 276,38 SIM 811.186,58 
65 1/6/1997 20 1 5 32 25 34 0 0,00 61 11.542,37 4932 142,48 SIM 1.656.88,9 
66 8/6/1997 15 26 12 33 48 13 0 0,00 12 8.54,25 7686 16,68 SIM 2.641.927,81 
67 15/6/1997 47 14 27 52 17 12 0 0,00 83 10.617,25 5479 160,52 SIM 3.699.46,44 
68 22/6/1997 53 13 3 1 12 59 0 0,00 49 18.496,73 4758 190,11 SIM 4.787.14,46 
69 29/6/1997 56 58 34 53 25 45 0 0,00 55 17.271,48 3661 258,96 SIM 5.926.931,93 
70 6/7/1997 40 17 23 43 27 58 0 0,00 95 12.899,52 671 21,46 SIM 14.883.849,29 
71 13/7/1997 53 16 45 43 33 27 0 0,00 115 12.451,74 7430 192,35 SIM 16.62.188,45 
72 20/7/1997 19 48 43 1 34 44 0 0,00 85 19.676,33 7982 29,13 SIM 18.69.174,26 
73 27/7/1997 57 25 45 28 51 26 1 21.26.575,40 95 21.25,27 8222 244,52 NÃO 0,00 
74 3/8/1997 2 24 34 50 38 37 0 0,00 40 18.257,68 3321 219,48 SIM 876.368,71 
75 10/8/1997 36 49 37 35 24 21 0 0,00 70 12.395,2 532 172,9 SIM 1.917.550,2 
76 17/8/1997 33 18 23 8 17 53 0 0,00 92 10.247,61 6399 147,4 SIM 3.48.886,14 
77 24/8/1997 29 54 40 57 49 21 0 0,00 20 49.648,81 2635 376,9 SIM 4.240.457,60 
78 31/8/1997 22 32 46 12 25 31 0 0,00 13 9.97,36 5984 170,19 SIM 5.465.06,39 
79 7/9/1997 43 25 2 13 31 17 1 6.770.61,75 247 4.44,85 13375 81,18 NÃO 0,00 
80 14/9/1997 51 40 37 23 48 28 0 0,00 43 26.443,00 4284 264,89 SIM 10.953.77,53 
81 21/9/1997 47 41 10 60 54 23 0 0,00 62 19.453,15 4870 247,17 SIM 12.41.21,68 
82 28/9/1997 51 36 53 29 18 15 1 13.877.826,2 77 15.982,73 5889 28,57 NÃO 0,00 
83 5/10/1997 24 16 4 42 57 15 0 0,00 76 9.48,43 4756 150,4 SIM 858.48,93 
84 12/10/1997 10 34 4 6 25 40 0 0,00 12 7.539,68 5546 138,40 SIM 1.780.95,80 
85 19/10/1997 47 15 30 37 45 6 0 0,00 45 17.279,25 4312 179,96 SIM 2.713.984,86 
86 26/10/1997 54 21 6 34 36 22 0 0,00 48 16.752,96 3752 213,90 SIM 3.678.955,17 
87 2/11/1997 40 4 28 32 11 5 0 0,00 64 12.696,60 5195 156,11 SIM 4.654.53,86 
88 9/11/1997 45 37 29 4 43 18 0 0,00 110 7.965,82 685 128,51 SIM 5.75.540,99 
89 16/11/1997 59 42 34 13 44 55 0 0,00 36 24.246,00 3847 226,45 SIM 6.752.968,26 
90 23/11/1997 21 26 40 54 9 52 1 15.764.300,87 74 18.584,49 4763 288,17 NÃO 0,00 
91 30/11/1997 60 4 10 35 39 2 0 0,00 68 9.588,80 3878 167,81 SIM 782.445,93 
92 7/12/1997 5 23 51 3 1 24 0 0,00 75 9.792,64 5530 132,56 SIM 1.663.783,45 
93 14/12/1997 22 53 31 28 2 36 0 0,00 61 12.369,31 3795 198,44 SIM 2.569.217,31 
94 21/12/1997 28 51 55 18 52 8 0 0,00 25 31.457,49 286 376,26 SIM 3.512.942,16 
95 28/12/1997 46 60 6 40 50 45 0 0,00 22 30.87,89 2185 39,58 SIM 4.326.270,55 
96 4/1/1998 4 42 58 26 7 40 1 5.218.562,47 62 11.993,17 3984 186,27 NÃO 0,00 
97 11/1/1998 56 53 11 14 5 35 1 727.932,66 56 10.832,33 3441 175,94 NÃO 0,00 
98 18/1/1998 43 33 14 31 35 13 0 0,00 89 6.58,88 4972 116,28 SIM 695.149,5 
99 25/1/1998 30 33 24 11 46 60 0 0,00 46 14.37,92 315 213,76 SIM 1.470.41,96 
100 1/2/1998 46 48 30 14 29 51 0 0,00 56 15.930,48 3600 247,32 SIM 8.585.129,47 
11 8/2/1998 39 1 37 31 29 18 0 0,00 52 20.589,41 4653 229,64 SIM 9.869.98,65 
12 15/2/1998 44 42 37 56 19 20 1 11.336.626,88 73 16.743,36 6197 196,85 NÃO 0,00 
13 22/2/1998 9 1 57 7 54 49 1 696.984,24 28 20.743,58 2632 220,24 NÃO 0,00 
14 1/3/1998 13 1 38 21 52 4 0 0,00 37 14.06,33 2588 199,85 SIM 621.880,72 
15 8/3/1998 3 13 31 43 46 49 0 0,00 55 11.824,8 4875 133,14 SIM 1.42.269,88 
16 15/3/1998 24 16 38 5 39 35 0 0,00 94 7.678,27 5390 133,65 SIM 2.268.378,66 
17 22/3/1998 2 24 52 4 16 51 0 0,00 35 21.494,23 3554 211,26 SIM 3.171.136,1 
18 29/3/1998 60 29 34 24 21 59 0 0,00 35 22.511,72 2453 320,57 SIM 4.116.628,49 
19 4/4/1998 54 13 44 49 48 1 0 0,00 39 21.153,30 3881 212,15 SIM 11.523.677,38 
110 11/4/1998 57 58 18 31 43 52 0 0,00 35 27.771,48 3212 32,1 SIM 12.690.79,16 
111 18/4/1998 52 32 4 33 25 22 0 0,00 68 18.82,94 619 200,88 SIM 14.165.647,19 
112 25/4/1998 37 43 34 20 12 42 1 15.82.579,93 137 9.957,1 8340 163,25 NÃO 0,00 
113 2/5/1998 34 54 26 28 55 7 0 0,00 38 14.269,55 2572 210,40 SIM 650.691,40 
114 9/5/1998 47 54 18 6 12 37 0 0,00 71 9.626,8 498 138,99 SIM 1.470.833,69 
115 16/5/1998 6 14 24 20 4 38 0 0,00 78 9.283,10 591 141,95 SIM 2.339.731,79 
116 23/5/1998 36 42 32 5 13 51 0 0,00 64 11.956,28 5270 144,91 SIM 3.257.973,62 
117 30/5/1998 53 42 27 20 33 25 0 0,00 36 22.46,87 3822 27,26 SIM 4.210.398,41 
118 6/6/1998 22 57 37 9 25 56 0 0,00 53 16.52,88 4342 195,56 SIM 5.231.361,36 
119 13/6/1998 47 21 1 50 36 38 0 0,00 21 38.921,16 2691 33,13 SIM 13.26.225,91 
120 20/6/1998 46 45 16 40 27 3 0 0,00 92 13.20,97 773 169,4 SIM 14.643.740,70 
121 27/6/1998 53 41 44 2 29 55 0 0,00 45 28.917,00 4554 285,17 SIM 16.25.258,33 
122 4/7/1998 20 43 39 11 53 17 0 0,00 83 18.210,45 723 29,43 SIM 18.19.18,95 
123 11/7/1998 13 42 16 32 14 26 0 0,00 176 12.440,56 13159 166,6 SIM 20.646.465,28 
124 18/7/1998 52 5 34 57 15 41 1 24.536.288,72 188 17.242,12 1419 230,76 NÃO 0,00 
125 25/7/1998 56 47 25 59 53 41 0 0,00 46 15.425,68 2784 254,38 SIM 851.497,47 
126 1/8/1998 32 28 6 10 11 40 0 0,00 83 10.52,56 5510 151,13 SIM 1.852.731,83 
127 8/8/1998 59 21 51 54 29 50 0 0,00 40 23.638,47 2613 361,14 SIM 2.987.378,17 
128 15/8/1998 23 43 3 21 9 18 0 0,00 973 1.24,41 11715 84,91 SIM 4.183.483,50 
129 22/8/1998 46 54 10 9 1 32 0 0,00 67 15.634,41 5320 196,51 SIM 5.440.490,00 
130 29/8/1998 13 42 38 49 53 29 0 0,00 155 11.796,24 1143 160,3 SIM 18.814.958,31 
131 5/9/1998 30 9 17 27 4 44 0 0,00 361 6.811,67 21683 113,19 SIM 21.765.774,49 
132 12/9/1998 44 35 50 41 9 7 0 0,00 143 20.846,64 12179 244,29 SIM 25.343.57,89 
133 19/9/1998 19 57 6 39 34 5 1 30.533.241,12 431 10.35,16 29264 147,51 NÃO 0,00 
134 26/9/1998 60 32 25 36 52 4 0 0,00 82 10.253,38 4575 183,42 SIM 1.08.932,39 
135 3/10/1998 35 40 21 59 53 22 0 0,00 40 24.573,18 364 272,19 SIM 2.188.444,72 
136 10/10/1998 17 25 45 38 1 59 0 0,00 126 8.435,36 743 143,29 SIM 3.463.871,17 
137 17/10/1998 26 15 16 22 19 49 0 0,00 88 12.675,49 671 166,13 SIM 4.82.42,93 
138 24/10/1998 41 14 37 5 40 27 0 0,00 86 14.74,36 6953 173,74 SIM 6.254.876,80 
139 31/10/1998 26 27 13 42 41 3 2 3.92.486,14 179 7.216,46 941 137,14 NÃO 0,00 
140 7/11/1998 55 31 46 44 41 7 0 0,00 45 36.581,33 4945 332,24 SIM 16.453.628,31 
141 14/11/1998 10 22 42 13 41 58 0 0,00 119 20.16,10 1533 226,70 SIM 19.324.778,90 
142 21/11/1998 20 59 19 54 15 8 0 0,00 162 18.143,56 13991 29,66 SIM 22.851.887,24 
143 28/11/1998 40 18 6 20 50 53 0 0,00 144 24.792,99 1994 324,10 SIM 27.136.115,88 
144 5/12/1998 8 32 44 36 45 55 1 33.597.755,21 257 20.952,14 23952 224,38 NÃO 0,00 
145 12/12/1998 43 15 41 51 16 31 0 0,00 71 15.61,27 3389 314,91 SIM 1.283.220,59 
146 19/12/1998 51 34 25 60 42 32 0 0,00 51 23.923,45 479 298,52 SIM 2.747.335,81 
147 24/12/1998 24 6 38 23 28 16 1 3.85.750,38 75 11.760,17 5418 162,48 NÃO 0,00 
148 31/12/1998 32 55 59 41 58 35 0 0,00 15 53.660,4 2322 345,95 SIM 965.880,61 
149 9/1/1999 11 45 48 7 28 20 0 0,00 16 9.795,13 6290 164,74 SIM 2.211.820,94 
150 16/1/1999 50 44 12 55 52 54 0 0,00 56 36.378,71 5540 367,00 SIM 21.414.530,14 
151 23/1/1999 3 43 16 56 52 20 1 24.91.811,2 152 14.678,7 9869 225,62 NÃO 0,00 
152 30/1/1999 12 5 15 51 58 29 0 0,00 75 11.562,39 541 172,3 SIM 1.40.614,80 
153 6/2/1999 47 2 31 42 45 30 0 0,00 47 22.846,45 4218 254,57 SIM 2.329.154,62 
154 13/2/1999 8 10 24 33 45 48 0 0,00 144 7.888,29 9252 122,78 SIM 3.692.251,60 
155 20/2/1999 12 32 44 43 35 30 1 4.988.88,21 67 16.126,32 4974 217,22 NÃO 0,00 
156 27/2/1999 52 23 42 17 55 49 0 0,00 74 11.18,10 4455 183,2 SIM 978.47,41 
157 6/3/1999 17 13 4 44 41 21 1 2.140.30,92 134 7.224,3 8894 18,84 NÃO 0,00 
158 13/3/1999 58 43 51 14 17 4 0 0,00 31 25.856,53 3630 220,81 SIM 961.863,12 
159 20/3/1999 16 9 50 58 11 35 1 2.38.170,67 57 15.735,49 4124 217,49 NÃO 0,00 
160 27/3/1999 13 42 52 58 2 54 0 0,00 74 19.431,89 6132 234,50 SIM 11.251.511,63 
161 3/4/1999 25 37 30 39 6 41 0 0,00 95 14.430,61 6865 199,69 SIM 12.896.61,4 
162 10/4/1999 23 33 51 38 48 21 0 0,00 92 20.941,30 7244 265,96 SIM 15.28.520,83 
163 17/4/1999 41 56 27 36 53 8 2 8.975.833,36 146 15.657,23 1793 211,80 NÃO 0,00 
164 24/4/1999 4 19 14 10 44 28 0 0,00 111 7.595,63 8386 100,54 SIM 1.11.737,90 
165 1/5/1999 39 56 19 23 10 35 2 1.44.444,54 75 11.968,35 5378 166,91 NÃO 0,00 
166 8/5/1999 60 57 59 13 12 22 0 0,00 47 17.424,67 3371 242,95 SIM 982.751,54 
167 15/5/1999 1 38 48 28 11 33 1 2.100.980,21 82 11.364,11 4997 186,48 NÃO 0,00 
168 22/5/1999 45 2 35 9 50 31 0 0,00 48 15.743,70 3528 214,20 SIM 96.836,93 
169 29/5/1999 52 51 37 13 21 1 0 0,00 65 13.679,8 4489 198,7 SIM 1.973.84,91 
170 5/6/1999 7 51 55 41 58 46 0 0,00 50 32.383,95 6257 258,78 SIM 13.643.95,71 
171 12/6/1999 54 27 4 43 40 46 1 16.52.410,83 134 14.983,30 1378 193,46 NÃO 0,00 
172 19/6/1999 49 36 14 26 35 10 0 0,00 64 13.460,12 4592 186,89 SIM 1.33.736,70 
173 26/6/1999 29 28 49 17 42 50 1 2.148.316,42 40 23.220,41 3610 256,32 NÃO 0,00 
174 3/7/1999 11 52 22 23 36 59 0 0,00 44 17.846,85 3217 243,18 SIM 942.313,58 
175 10/7/1999 10 20 13 1 42 50 0 0,00 114 8.94,8 758 130,25 SIM 2.49.582,99 
176 17/7/1999 28 4 1 45 53 3 0 0,00 62 16.696,39 545 190,80 SIM 3.291.794,61 
177 24/7/1999 35 22 39 41 59 38 0 0,00 52 21.716,29 448 255,21 SIM 4.646.890,81 
178 31/7/1999 5 27 19 26 15 33 1 6.129.539,43 198 6.240,11 1386 94,7 NÃO 0,00 
179 7/8/1999 6 53 5 26 27 23 0 0,00 78 10.281,59 5646 141,51 SIM 962.357,4 
180 14/8/1999 39 6 29 60 51 23 0 0,00 111 15.97,98 6978 252,9 SIM 12.143.09,93 
181 21/8/1999 33 1 55 35 51 27 0 0,00 182 11.127,7 11797 171,2 SIM 14.573.162,71 
182 28/8/1999 46 60 5 10 28 3 0 0,00 239 9.954,78 17413 136,13 SIM 17.428.194,22 
183 4/9/1999 16 11 7 40 44 2 0 0,00 36 9.468,79 2677 139,60 SIM 20.95.131,40 
184 11/9/1999 9 60 21 16 41 34 0 0,00 217 14.699,97 15462 25,53 SIM 24.733.03,15 
185 18/9/1999 59 17 22 46 43 55 0 0,00 366 12.275,86 24849 180,13 SIM 30.124.561,9 
186 25/9/1999 24 26 51 25 14 23 0 0,00 352 17.72,24 31164 192,10 SIM 37.335.874,86 
187 2/10/1999 6 44 58 41 36 48 0 0,00 397 23.58,35 39365 231,66 SIM 48.320.873,60 
188 10/10/1999 34 42 43 46 27 17 1 64.95.517,65 1200 11.517,11 9235 152,58 NÃO 0,00 
189 16/10/1999 41 53 38 4 31 15 0 0,00 61 23.476,18 5485 260,9 SIM 1.718.456,25 
190 24/10/1999 32 40 42 21 10 5 0 0,00 34 14.923,96 21481 210,41 SIM 44.895.988,5 
191 31/10/1999 58 5 41 3 1 23 1 50.968.412,58 383 13.212,41 3477 165,41 NÃO 0,00 
192 6/11/1999 1 60 26 41 28 54 0 0,00 53 23.05,8 443 275,87 SIM 1.463.122,78 
193 13/11/1999 12 4 11 49 43 19 0 0,00 190 7.199,87 11415 119,39 SIM 3.14.692,58 
194 20/11/1999 32 42 43 25 28 33 0 0,00 16 12.862,40 7456 182,18 SIM 4.740.789,92 
195 27/11/1999 17 3 44 37 9 32 1 6.370.250,64 339 4.05,56 13819 97,89 NÃO 0,00 
196 4/12/1999 32 17 9 14 24 7 0 0,00 182 5.39,16 1493 91,75 SIM 1.159.520,95 
197 11/12/1999 19 52 29 15 12 5 0 0,00 128 8.259,15 8720 120,78 SIM 2.428.125,98 
198 18/12/1999 40 23 1 18 35 8 0 0,00 125 8.881,2 7134 155,2 SIM 3.760.278,8 
199 24/12/1999 52 37 57 16 10 50 1 4.915.593,20 34 28.316,55 3143 35,16 NÃO 0,00 
200 31/12/1999 12 15 44 34 51 19 2 8.829.389,20 186 11.08,48 1327 156,59 NÃO 0,00 
21 8/1/2000 55 22 5 30 35 20 1 1.38.373,94 77 11.237,81 452 191,48 NÃO 0,00 
22 15/1/2000 49 53 44 12 24 45 0 0,00 65 12.412,65 4279 187,85 SIM 968.186,82 
23 22/1/2000 11 55 44 19 29 47 0 0,00 63 14.99,33 5417 163,36 SIM 2.34.96,14 
24 29/1/2000 31 41 51 39 58 29 0 0,00 32 30.221,85 2400 41,43 SIM 3.194.615,19 
25 5/2/2000 26 32 54 43 46 40 1 4.490.339,49 71 15.28,3 614 178,86 NÃO 0,00 
26 12/2/2000 20 26 56 18 34 51 0 0,00 43 17.769,34 3478 218,86 SIM 916.897,74 
27 19/2/2000 19 7 3 55 24 53 0 0,00 90 9.663,76 6510 133,10 SIM 1.960.583,4 
28 26/2/2000 23 15 57 24 47 25 0 0,00 72 12.679,18 5232 173,83 SIM 3.56.64,34 
29 4/3/2000 13 52 32 41 21 26 0 0,00 81 12.349,82 5496 181,32 SIM 4.256.466,94 
210 11/3/2000 37 58 20 38 48 32 0 0,00 29 46.721,17 3921 344,24 SIM 14.43.878,83 
211 18/3/2000 10 20 40 45 50 33 0 0,00 164 10.880,27 16680 16,58 SIM 16.185.115,3 
212 25/3/2000 29 57 15 45 59 6 0 0,00 147 13.318,79 9880 197,42 SIM 18.534.548,53 
213 1/4/2000 3 30 9 35 23 32 3 7.89.194,54 312 7.299,77 18348 123,66 NÃO 0,00 
214 8/4/2000 30 12 6 50 35 31 0 0,00 54 15.578,4 3769 222,35 SIM 1.09.456,63 
215 15/4/2000 7 58 28 53 37 46 0 0,00 78 12.78,40 4942 189,92 SIM 2.139.994,41 
216 22/4/2000 35 42 59 18 30 14 4 81.57,55 91 9.745,75 549 175,00 NÃO 0,00 
217 29/4/2000 27 32 3 51 49 45 0 0,00 159 4.599,62 5820 125,19 SIM 877.67,32 
218 6/5/2000 54 40 42 17 47 12 1 1.878.255,9 95 8.777,61 4679 177,55 NÃO 0,00 
219 13/5/2000 26 23 49 28 42 36 0 0,00 80 9.221,78 5139 143,2 SIM 885.291,29 
220 20/5/2000 36 53 55 13 60 14 1 12.636.751,12 125 12.488,5 867 192,78 NÃO 0,00 
221 27/5/2000 54 13 58 43 50 27 0 0,00 49 14.565,66 3793 187,45 SIM 856.460,89 
222 3/6/2000 5 48 30 55 52 19 0 0,00 55 15.243,16 4462 187,18 SIM 1.862.59,60 
223 10/6/2000 28 24 22 2 58 6 0 0,00 163 5.838,31 7780 121,86 SIM 3.04.483,21 
224 17/6/2000 20 16 18 7 44 21 0 0,00 119 8.76,35 7185 143,77 SIM 4.247.750,4 
225 24/6/2000 21 16 4 37 2 58 0 0,00 83 12.542,39 5517 188,14 SIM 5.496.971,76 
226 1/7/2000 2 50 59 38 49 1 1 6.916.920,13 78 15.170,39 4123 286,14 NÃO 0,00 
227 8/7/2000 37 26 27 42 11 48 0 0,00 51 14.471,45 3648 21,72 SIM 885.652,57 
228 15/7/2000 16 40 45 59 43 13 0 0,00 64 13.240,28 4497 187,87 SIM 1.92.56,15 
229 22/7/2000 39 45 11 21 33 13 1 2.992.781,57 121 7.58,79 7685 117,88 NÃO 0,00 
230 29/7/2000 56 44 41 40 8 53 0 0,00 94 15.000,56 5820 241,56 SIM 9.547.336,00 
231 5/8/2000 16 59 27 42 44 36 0 0,00 125 12.896,11 9458 169,93 SIM 11.481.752,44 
232 12/8/2000 29 19 41 22 37 59 0 0,00 124 14.598,36 887 24,93 SIM 13.653.988,77 
233 19/8/2000 45 3 24 36 7 32 5 3.196.547,3 512 3.790,28 21452 90,20 NÃO 0,00 
234 26/8/2000 15 45 54 25 42 41 0 0,00 39 19.369,91 355 214,89 SIM 96.511,63 
235 2/9/2000 29 41 55 2 31 22 0 0,00 52 16.64,49 386 278,96 SIM 1.942.631,63 
236 9/9/2000 10 52 50 57 25 60 0 0,00 76 12.197,95 473 196,53 SIM 3.55.84,91 
237 16/9/2000 36 7 45 31 56 57 0 0,00 54 19.896,75 4145 258,44 SIM 4.344.394,18 
238 23/9/2000 15 9 41 13 37 42 4 1.429.476,11 188 6.88,25 1483 18,86 NÃO 0,00 
239 30/9/2000 33 21 44 46 47 6 1 866.183,32 30 24.60,65 3826 188,10 NÃO 0,00 
240 7/10/2000 59 28 25 41 57 38 0 0,00 13 15.200,74 6244 250,00 SIM 11.686.511,34 
241 14/10/2000 11 57 40 35 56 31 0 0,00 74 22.811,94 5485 36,85 SIM 13.712.211,55 
242 21/10/2000 22 7 4 21 28 56 0 0,00 23 9.933,73 13497 148,97 SIM 16.132.69,11 
243 28/10/2000 20 47 23 32 16 11 0 0,00 180 12.19,97 1375 157,40 SIM 18.728.383,13 
244 4/11/2000 19 60 50 24 47 33 0 0,00 24 13.698,2 14735 189,8 SIM 22.81.659,67 
245 11/11/2000 44 51 27 53 8 60 3 9.153.484,88 283 15.838,62 21593 26,96 NÃO 0,00 
246 18/11/2000 2 57 32 43 16 37 0 0,00 93 9.292,6 5429 158,71 SIM 1.36.993,80 
247 25/11/2000 34 3 30 10 23 46 0 0,00 80 12.80,19 6425 149,96 SIM 2.196.692,29 
248 2/12/2000 56 16 34 41 35 32 0 0,00 50 21.550,72 4862 220,96 SIM 3.489.735,8 
249 9/12/2000 21 55 54 40 36 49 0 0,00 60 19.680,20 4247 277,21 SIM 4.96.79,76 
250 16/12/2000 55 25 41 42 43 7 0 0,00 23 10.867,31 15545 141,50 SIM 22.593.628,59 
251 23/12/2000 34 15 23 55 49 30 0 0,00 180 15.473,98 12813 216,73 SIM 25.936.07,67 
252 30/12/2000 17 54 4 51 32 26 2 15.17.02,24 354 10.70,62 22122 160,67 NÃO 0,00 
253 6/1/201 12 11 56 44 24 37 0 0,00 126 6.985,77 7260 120,88 SIM 1.56.248,75 
254 13/1/201 4 30 56 21 22 1 0 0,00 66 16.400,47 6381 169,14 SIM 2.355.166,17 
255 20/1/201 32 44 55 19 20 16 0 0,00 80 14.363,63 6812 168,19 SIM 3.734.74,48 
256 27/1/201 21 52 34 26 2 32 0 0,00 91 13.336,96 6319 191,49 SIM 5.190.470,9 
257 3/2/201 28 5 1 34 4 19 1 6.88.483,96 175 7.74,83 1176 114,84 NÃO 0,00 
258 10/2/201 12 60 54 7 55 50 0 0,00 53 15.960,68 3615 233,30 SIM 1.15.99,19 
259 17/2/201 20 43 33 13 15 58 0 0,00 65 15.136,22 5581 175,77 SIM 2.195.724,3 
260 24/2/201 43 4 60 59 6 33 0 0,00 120 16.65,94 8956 214,63 SIM 17.357.124,85 
261 3/3/201 5 54 20 56 30 16 0 0,00 91 22.350,19 7281 278,51 SIM 19.797.765,32 
262 10/3/201 53 60 48 20 58 11 0 0,00 18 24.643,78 8838 300,24 SIM 22.991.600,18 
263 17/3/201 8 50 26 9 53 43 0 0,00 136 24.937,18 12752 265,17 SIM 27.61.348,12 
264 24/3/201 5 25 31 13 1 33 2 16.55.880,73 979 4.298,96 5364 83,25 NÃO 0,00 
265 31/3/201 7 50 53 16 41 34 0 0,00 64 14.676,59 3855 242,74 SIM 1.127.161,81 
266 7/4/201 38 54 48 23 2 46 0 0,00 89 12.318,14 6687 163,33 SIM 2.442.739,49 
267 14/4/201 58 1 45 55 8 46 0 0,00 46 23.142,59 476 260,19 SIM 3.720.210,4 
268 21/4/201 21 10 47 6 5 33 0 0,00 111 10.348,29 1133 112,93 SIM 5.98.61,74 
269 28/4/201 19 18 52 25 17 49 0 0,00 110 12.115,70 8717 152,31 SIM 6.697.873,66 
270 5/5/201 45 27 35 40 5 9 1 25.186.260,21 228 9.665,14 16867 130,16 NÃO 0,00 
271 12/5/201 14 31 54 29 26 24 0 0,00 43 19.939,25 4385 194,79 SIM 1.28.865,23 
272 19/5/201 36 58 9 10 56 24 0 0,00 70 14.13,37 5491 177,97 SIM 2.25.988,15 
273 26/5/201 47 52 10 27 23 17 1 3.456.480,23 92 11.326,92 7241 143,38 NÃO 0,00 
274 2/6/201 11 39 47 18 13 26 0 0,00 142 5.488,22 7420 14,64 SIM 935.192,94 
275 9/6/201 16 30 19 38 48 37 0 0,00 41 22.897,52 3737 250,27 SIM 2.61.751,10 
276 16/6/201 53 59 39 45 22 57 0 0,00 79 12.486,98 5172 190,1 SIM 3.245.516,79 
277 23/6/201 40 26 38 4 56 52 0 0,00 95 11.578,72 544 22,78 SIM 4.565.490,29 
278 30/6/201 22 10 18 55 15 31 0 0,00 99 11.868,9 6996 167,32 SIM 5.975.419,10 
279 7/7/201 31 59 4 58 23 47 0 0,00 58 23.664,88 6137 222,81 SIM 7.622.494,24 
280 14/7/201 5 16 30 25 58 20 0 0,00 192 11.199,47 14673 146,00 SIM 19.351.758,16 
281 21/7/201 11 5 47 31 53 38 1 22.414.93,50 188 13.574,18 12864 197,63 NÃO 0,00 
282 28/7/201 33 24 36 9 14 23 1 958.878,82 76 10.514,3 664 131,27 NÃO 0,00 
283 1/8/201 48 34 28 54 25 42 1 367.173,22 36 8.499,38 2126 143,38 NÃO 0,00 
284 4/8/201 8 36 14 32 30 7 1 91.884,48 75 10.20,94 5358 139,74 NÃO 0,00 
285 8/8/201 50 56 41 12 32 37 0 0,00 17 20.875,96 1173 31,41 SIM 425.869,64 
286 11/8/201 44 37 56 29 47 35 0 0,00 59 13.743,96 3739 216,6 SIM 1.398.941,94 
287 15/8/201 60 47 3 33 25 13 1 1.931.474,80 110 4.34,34 5633 78,49 NÃO 0,00 
288 18/8/201 50 9 18 11 6 17 0 0,00 82 8.749,64 4763 150,7 SIM 860.964,72 
289 22/8/201 36 6 30 20 7 25 0 0,00 29 13.819,12 2197 181,72 SIM 1.341.870,11 
290 25/8/201 57 30 7 25 40 26 0 0,00 56 20.662,23 4869 236,75 SIM 10.159.688,47 
291 29/8/201 22 16 5 41 18 17 0 0,00 71 11.244,78 4870 163,32 SIM 11.117.743,68 
292 1/9/201 24 34 53 45 23 13 0 0,00 116 11.313,30 8670 150,80 SIM 12.692.554,40 
293 5/9/201 6 12 35 5 28 7 0 0,00 167 5.817,88 1185 95,3 SIM 13.858.457,3 
294 8/9/201 28 45 41 22 57 25 2 7.696.680,33 130 9.839,13 7434 171,41 NÃO 0,00 
295 12/9/201 24 44 7 31 12 50 0 0,00 36 10.242,27 255 178,75 SIM 442.466,8 
296 15/9/201 20 51 42 3 52 46 0 0,00 29 26.582,95 2348 327,9 SIM 1.367.552,68 
297 19/9/201 20 28 41 1 33 36 0 0,00 25 19.353,56 1920 251,5 SIM 1.948.159,43 
298 22/9/201 22 34 24 23 5 60 1 2.994.572,21 50 17.440,22 4372 198,71 NÃO 0,00 
299 26/9/201 7 5 2 53 33 49 0 0,00 33 10.538,82 249 169,9 SIM 417.337,23 
300 29/9/201 27 57 41 38 28 24 0 0,00 48 22.820,73 4820 226,40 SIM 8.421.199,74 
31 3/10/201 58 26 49 57 48 9 0 0,00 28 29.571,34 2892 285,22 SIM 9.414.796,91 
32 6/10/201 25 40 12 60 30 41 0 0,00 11 13.55,6 6361 213,63 SIM 11.51.69,38 
33 10/10/201 7 13 30 37 47 17 1 12.257.748,27 215 4.674,95 12861 77,86 NÃO 0,00 
34 13/10/201 42 7 11 34 59 41 0 0,00 58 11.50,10 3274 195,2 SIM 769.87,4 
35 17/10/201 11 5 27 60 38 53 0 0,00 47 10.13,62 3770 124,37 SIM 1.333.855,18 
36 20/10/201 30 19 57 41 56 47 0 0,00 28 29.736,18 2294 361,58 SIM 2.332.990,80 
37 24/10/201 26 17 13 41 16 44 0 0,00 44 12.632,80 3962 139,76 SIM 3.000.02,70 
38 27/10/201 55 25 4 11 29 39 1 4.138.172,99 62 15.297,99 5173 182,67 NÃO 0,00 
39 31/10/201 39 50 25 55 11 4 1 442.899,6 301 122,53 2997 122,69 NÃO 0,00 
310 3/11/201 28 14 29 2 31 32 0 0,00 81 10.544,47 593 167,7 SIM 7.512.984,90 
311 7/11/201 32 22 24 41 30 38 0 0,00 31 25.454,68 2871 273,81 SIM 8.459.898,95 
312 10/11/201 14 30 50 41 47 23 0 0,00 76 15.889,75 4985 241,33 SIM 9.99.43,97 
313 14/11/201 14 38 53 24 16 37 0 0,00 61 15.665,21 5547 171,62 SIM 11.55.737,35 
314 17/11/201 5 32 40 58 37 34 0 0,00 93 12.287,32 5542 25,42 SIM 12.427.02,17 
315 21/11/201 50 21 43 12 28 22 1 13.675.15,67 43 24.188,6 4598 225,35 NÃO 0,00 
316 24/11/201 28 51 56 6 24 43 0 0,00 14 6.446,33 493 163,18 SIM 84.52,7 
317 28/11/201 27 20 48 16 30 35 0 0,00 23 18.858,99 288 26,96 SIM 1.325.10,22 
318 1/12/201 19 53 40 3 31 20 1 2.227.08,3 46 16.340,54 371 243,84 NÃO 0,00 
319 5/12/201 12 16 23 17 19 48 0 0,00 52 7.242,6 3342 112,26 SIM 451.94,22 
320 8/12/201 20 53 47 50 22 27 0 0,00 77 15.489,00 4916 241,69 SIM 8.460.390,65 
321 12/12/201 11 31 32 48 49 4 0 0,00 55 16.954,9 3729 249,11 SIM 9.579.360,38 
322 15/12/201 18 11 29 44 47 56 0 0,00 87 15.453,45 7835 170,95 SIM 11.192.700,36 
323 19/12/201 31 49 54 33 26 40 0 0,00 56 19.921,91 4244 261,89 SIM 12.531.452,28 
324 22/12/201 22 8 30 15 47 25 0 0,00 211 7.938,40 12192 136,87 SIM 14.541.455,70 
325 29/12/201 4 23 3 1 21 53 2 8.743.877,80 256 9.590,82 15646 156,33 NÃO 0,00 
326 5/1/202 52 23 40 51 44 21 0 0,00 27 32.367,36 2674 325,58 SIM 1.48.72,44 
327 9/1/202 46 38 29 33 32 48 0 0,00 16 30.517,93 2112 230,33 SIM 1.634.646,68 
328 12/1/202 51 5 23 7 14 21 1 2.721.357,1 100 9.55,92 7121 126,69 NÃO 0,00 
329 16/1/202 24 11 40 12 35 10 0 0,00 40 10.380,30 294 142,44 SIM 9.617.27,24 
330 19/1/202 2 4 23 37 14 51 0 0,00 120 10.924,51 7914 165,3 SIM 11.190.156,1 
331 23/1/202 27 1 35 20 37 13 0 0,00 70 13.872,44 648 150,97 SIM 12.355.441,42 
332 26/1/202 28 23 42 29 44 34 0 0,00 83 16.762,69 6713 26,47 SIM 14.25.04,81 
333 30/1/202 35 27 53 44 52 4 0 0,00 93 12.692,31 6221 189,2 SIM 15.441.466,12 
334 2/2/202 41 26 51 14 24 23 2 8.729.392,91 1200 1.400,91 8839 189,47 NÃO 0,00 
335 6/2/202 43 33 57 23 59 7 0 0,00 24 17.736,83 2134 198,73 SIM 510.820,70 
336 9/2/202 2 18 54 22 30 26 0 0,00 68 11.58,60 4141 180,91 SIM 1.413.22,70 
337 16/2/202 31 52 14 54 16 4 0 0,00 34 27.110,52 3454 265,86 SIM 2.519.311,97 
338 20/2/202 48 46 9 1 36 4 0 0,00 43 14.31,2 3245 185,23 SIM 3.243.312,50 
339 23/2/202 13 16 12 5 27 50 0 0,00 76 12.374,85 698 135,64 SIM 12.514.336,94 
340 27/2/202 10 60 42 9 33 12 0 0,00 121 9.877,84 6970 170,83 SIM 13.948.598,35 
341 2/3/202 56 23 22 43 16 5 0 0,00 166 9.623,14 1113 143,34 SIM 15.865.526,88 
342 6/3/202 29 49 54 51 16 34 0 0,00 93 15.67,81 5578 250,27 SIM 17.547.94,93 
343 9/3/202 4 6 7 24 12 41 2 9.937.283,3 246 7.884,39 1723 113,51 NÃO 0,00 
344 13/3/202 33 36 12 35 10 14 0 0,00 46 9.494,33 3487 124,78 SIM 524.86,97 
345 16/3/202 56 11 58 46 51 22 1 1.447.870,53 27 28.511,84 2170 353,42 NÃO 0,00 
346 20/3/202 56 7 46 60 41 12 0 0,00 20 19.632,30 1589 246,17 SIM 471.175,4 
347 23/3/202 26 10 52 1 12 48 0 0,00 72 9.988,89 4730 151,48 SIM 1.334.215,32 
348 27/3/202 39 40 33 52 19 30 0 0,00 19 26.763,6 1547 327,46 SIM 1.944.413,1 
349 30/3/202 9 38 32 8 54 28 0 0,00 46 14.53,6 3264 197,31 SIM 10.45.636,15 
350 3/4/202 23 30 43 10 15 57 0 0,00 80 11.81,82 512 187,66 SIM 11.538.610,20 
351 6/4/202 15 16 59 60 24 41 0 0,00 98 14.478,34 5832 242,37 SIM 13.241.262,56 
352 10/4/202 49 7 47 25 20 44 0 0,00 161 7.848,74 880 155,80 SIM 14.757.638,49 
353 13/4/202 60 46 30 55 23 19 0 0,00 89 19.537,11 6862 252,44 SIM 16.844.21,81 
354 17/4/202 40 52 38 16 7 41 1 18.680.98,10 93 16.450,68 6184 246,46 NÃO 0,00 
355 20/4/202 2 37 22 60 14 23 0 0,00 50 14.412,47 4711 152,39 SIM 864.747,94 
356 24/4/202 54 19 5 58 56 21 0 0,00 32 15.777,72 2415 28,28 SIM 1.470.612,40 
357 27/4/202 45 53 32 2 30 35 0 0,00 34 23.899,52 3265 247,94 SIM 2.445.712,66 
358 4/5/202 40 42 32 12 21 17 0 0,00 84 12.93,6 5798 186,23 SIM 3.746.340,86 
359 8/5/202 31 54 20 29 13 19 0 0,00 56 13.50,25 3953 184,17 SIM 13.221.837,92 
360 11/5/202 47 24 29 55 53 23 0 0,00 133 10.645,79 8382 168,28 SIM 14.920.96,83 
361 15/5/202 41 28 45 31 16 59 0 0,00 98 12.456,14 5236 232,26 SIM 16.385.748,75 
362 18/5/202 37 20 33 46 7 56 1 18.399.160,53 110 15.253,12 8313 21,8 NÃO 0,00 
363 22/5/202 39 54 29 49 47 19 0 0,00 27 14.921,89 2225 180,39 SIM 483.469,12 
364 25/5/202 59 44 29 5 51 57 1 1.37.293,4 76 9.33,16 3315 26,32 NÃO 0,00 
365 29/5/202 52 19 34 37 58 23 1 462.752,26 45 8.569,49 2433 157,90 NÃO 0,00 
366 1/6/202 6 4 51 7 21 15 0 0,00 41 12.721,16 3489 148,93 SIM 625.880,91 
367 5/6/202 52 49 27 33 12 10 1 1.150.498,2 71 6.157,48 340 143,27 NÃO 0,00 
368 8/6/202 13 50 38 32 44 29 0 0,00 53 10.725,28 3220 175,87 SIM 682.127,44 
369 12/6/202 21 42 1 60 35 14 1 1.221.738,7 46 9.775,55 4167 17,51 NÃO 0,00 
370 15/6/202 51 42 4 54 1 40 0 0,00 40 23.283,30 3230 287,25 SIM 7.330.667,64 
371 19/6/202 23 33 39 4 60 18 0 0,00 47 16.675,12 3979 196,23 SIM 8.271.144,70 
372 22/6/202 24 17 46 57 16 39 2 4.792.658,35 85 12.884,4 6743 161,80 NÃO 0,00 
373 26/6/202 31 33 24 10 5 1 0 0,00 52 6.480,14 3292 11,98 SIM 44.360,65 
374 29/6/202 54 2 26 5 44 16 0 0,00 80 8.73,17 3326 193,45 SIM 1.179.384,47 
375 3/7/202 51 9 42 5 58 1 0 0,00 33 14.359,9 2359 200,11 SIM 1.748.04,50 
376 6/7/202 25 13 10 43 35 48 0 0,00 110 7.257,00 6956 114,33 SIM 2.75.928,72 
377 10/7/202 46 19 3 45 12 27 0 0,00 87 6.639,2 5468 15,23 SIM 3.399.42,30 
378 13/7/202 55 45 48 41 5 38 0 0,00 36 25.450,60 3115 293,2 SIM 4.498.58,8 
379 17/7/202 41 55 24 59 33 40 0 0,00 32 23.47,93 2830 263,68 SIM 11.243.785,66 
380 20/7/202 47 22 13 30 31 57 0 0,00 26 6.628,67 7186 189,31 SIM 12.882.392,95 
381 24/7/202 9 56 46 28 10 55 0 0,00 85 14.181,19 7295 164,62 SIM 14.328.873,76 
382 27/7/202 54 38 53 31 37 34 0 0,00 68 23.756,27 6291 255,82 SIM 16.267.384,96 
383 31/7/202 48 22 53 56 50 14 0 0,00 73 23.753,43 6573 262,81 SIM 18.348.185,45 
384 3/8/202 28 50 47 24 40 52 0 0,00 151 18.351,99 1644 259,37 SIM 21.673.565,65 
385 7/8/202 22 12 24 18 5 16 2 12.952.192,89 759 4.645,17 37449 93,80 NÃO 0,00 
386 10/8/202 39 54 43 36 17 35 0 0,00 70 11.571,98 5236 154,12 SIM 972.45,86 
387 14/8/202 29 28 48 47 43 22 0 0,00 40 14.937,65 2998 198,55 SIM 1.689.53,37 
388 17/8/202 52 48 53 58 23 36 0 0,00 46 18.826,46 4293 200,97 SIM 2.728.273,75 
389 21/8/202 46 14 54 18 43 5 0 0,00 63 11.35,19 4169 170,20 SIM 15.745.310,46 
390 24/8/202 7 22 34 12 38 53 1 17.611.429,97 171 9.94,15 1722 144,49 NÃO 0,00 
391 28/8/202 7 15 35 16 40 4 0 0,00 44 10.170,35 2740 162,70 SIM 536.994,30 
392 31/8/202 49 47 39 31 15 23 1 1.410.917,29 68 10.79,84 3591 22,3 NÃO 0,00 
393 4/9/202 12 50 36 6 35 40 0 0,00 31 13.716,51 1949 217,35 SIM 510.254,22 
394 7/9/202 15 49 42 5 45 35 0 0,00 47 11.817,80 4815 114,93 SIM 1.176.778,31 
395 11/9/202 11 58 31 14 10 20 1 1.843.79,96 27 20.584,31 2328 237,84 NÃO 0,00 
396 14/9/202 47 18 6 45 34 42 0 0,00 63 10.148,72 421 151,63 SIM 767.243,59 
397 18/9/202 32 24 2 5 1 46 0 0,00 61 7.992,42 426 120,64 SIM 1.352.288,49 
398 21/9/202 28 7 16 37 36 22 1 2.221.289,77 63 11.494,73 516 141,29 NÃO 0,00 
399 25/9/202 59 55 16 27 47 11 0 0,00 20 19.537,00 1730 225,1 SIM 5.676.171,41 
400 28/9/202 29 59 13 10 54 28 0 0,00 75 13.254,18 4875 23,14 SIM 6.869.47,91 
41 2/10/202 50 18 44 53 11 43 0 0,00 33 25.08,64 2853 288,18 SIM 7.859.389,89 
42 5/10/202 27 43 58 5 16 56 0 0,00 146 7.927,99 7787 148,8 SIM 9.248.373,54 
43 9/10/202 46 31 7 16 60 27 0 0,00 48 19.972,95 499 233,1 SIM 10.398.815,28 
44 12/10/202 24 38 58 1 40 28 0 0,00 66 16.580,7 4364 249,80 SIM 11.711.956,93 
45 16/10/202 57 60 34 24 29 47 0 0,00 67 16.988,17 4579 247,63 SIM 13.77.85,76 
46 19/10/202 47 32 48 12 38 2 0 0,00 78 19.463,48 6557 230,66 SIM 14.899.587,92 
47 23/10/202 49 2 18 51 22 57 0 0,00 90 16.315,38 6383 229,18 SIM 16.661.649,27 
48 26/10/202 49 44 33 28 56 14 1 18.948.827,67 269 7.85,43 13970 135,92 NÃO 0,00 
49 30/10/202 26 49 25 18 31 34 0 0,00 23 18.741,96 1958 219,32 SIM 9.710.567,61 
410 2/11/202 31 55 36 24 8 38 0 0,00 11 10.257,12 5799 177,97 SIM 10.953.730,37 
411 6/11/202 10 56 12 31 45 38 0 0,00 91 11.814,39 5115 29,40 SIM 12.243.861,6 
412 9/11/202 45 5 14 21 59 12 0 0,00 89 16.616,72 8542 172,49 SIM 14.18.527,28 
413 13/11/202 35 53 29 33 2 4 0 0,00 12 13.376,53 7746 175,49 SIM 15.655.814,53 
414 16/11/202 35 26 58 52 45 16 1 17.428.452,98 51 28.964,68 5527 266,26 NÃO 0,00 
415 20/11/202 38 44 4 1 27 42 0 0,00 40 11.27,47 2415 181,96 SIM 529.318,35 
416 23/11/202 13 1 23 56 54 33 0 0,00 44 16.547,76 432 179,90 SIM 1.43.39,91 
417 27/11/202 25 7 12 21 42 34 0 0,00 78 7.435,78 5218 110,73 SIM 2.99.28,66 
418 30/11/202 45 8 32 49 15 52 2 1.558.712,24 82 10.349,55 5133 164,72 NÃO 0,00 
419 4/12/202 41 42 52 53 16 9 0 0,00 30 14.860,22 1594 278,62 SIM 8.115.153,5 
420 7/12/202 43 12 59 30 57 29 0 0,00 83 13.949,86 5614 25,47 SIM 9.54.559,6 
421 11/12/202 38 45 35 37 5 51 0 0,00 47 21.37,17 4716 211,55 SIM 10.76.283,47 
422 14/12/202 60 12 56 37 55 43 0 0,00 80 16.823,65 6516 25,77 SIM 12.321.354,11 
423 18/12/202 8 22 33 40 32 53 0 0,00 66 17.925,27 4178 282,10 SIM 13.741.35,48 
424 21/12/202 29 36 27 18 59 46 0 0,00 91 17.356,78 7389 212,95 SIM 15.636.395,41 
425 28/12/202 6 16 10 34 47 42 1 18.979.599,19 279 9.985,67 17411 159,42 NÃO 0,00 
426 4/1/203 7 32 54 50 30 37 0 0,00 58 13.241,94 3139 243,76 SIM 921.638,77 
427 8/1/203 51 13 43 24 3 14 0 0,00 48 11.642,10 3563 156,25 SIM 1.592.223,84 
428 11/1/203 60 8 32 28 46 30 0 0,00 48 16.919,00 3734 216,67 SIM 2.566.758,37 
429 15/1/203 55 32 17 36 26 43 0 0,00 44 14.978,72 3300 198,96 SIM 12.839.21,93 
430 18/1/203 50 21 10 25 38 8 1 14.410.78,81 85 15.48,70 6944 187,90 NÃO 0,00 
431 22/1/203 58 26 40 37 47 52 0 0,00 20 21.69,89 1184 354,56 SIM 55.677,41 
432 25/1/203 50 17 13 27 4 39 0 0,00 54 12.185,97 4278 153,24 SIM 1.295.327,95 
433 29/1/203 36 17 28 16 54 30 0 0,00 31 16.580,20 2332 219,58 SIM 1.912.111,54 
434 1/2/203 24 17 4 54 30 10 0 0,00 84 9.173,28 4870 157,63 SIM 2.836.778,00 
435 5/2/203 37 11 17 31 43 10 0 0,00 55 11.59,32 3243 186,85 SIM 3.566.693,13 
436 8/2/203 1 6 57 29 48 7 0 0,00 47 19.531,31 4696 194,74 SIM 4.668.258,69 
437 12/2/203 54 10 59 44 30 7 0 0,00 33 22.273,90 2829 258,84 SIM 5.550.35,4 
438 15/2/203 38 48 14 3 11 5 0 0,00 65 16.281,73 6276 167,99 SIM 6.820.280,27 
439 19/2/203 42 13 20 29 43 57 0 0,00 65 13.353,84 447 196,22 SIM 14.150.924,79 
440 22/2/203 46 23 30 47 5 3 0 0,00 139 10.99,13 1120 149,28 SIM 15.970.566,86 
441 26/2/203 2 15 58 10 59 21 0 0,00 121 11.917,74 6941 26,98 SIM 17.71.23,29 
442 1/3/203 15 31 23 6 59 37 1 19.946.61,1 135 13.861,59 9944 187,48 NÃO 0,00 
443 8/3/203 11 36 17 26 52 48 0 0,00 47 16.322,42 3738 24,46 SIM 920.584,21 
444 12/3/203 48 52 57 24 3 33 0 0,00 43 13.890,62 3332 178,58 SIM 1.637.340,11 
445 15/3/203 31 50 7 53 32 20 0 0,00 31 28.559,37 311 284,42 SIM 2.699.748,84 
446 19/3/203 11 20 8 47 12 17 2 1.767.117,91 65 10.698,55 539 137,48 NÃO 0,00 
447 22/3/203 24 55 15 33 25 42 0 0,00 55 12.10,32 5613 117,25 SIM 792.681,47 
448 26/3/203 5 3 52 45 9 51 0 0,00 40 13.356,99 2999 177,48 SIM 1.433.817,3 
449 29/3/203 34 56 24 1 49 8 0 0,00 55 14.643,5 3656 219,46 SIM 10.220.372,33 
450 2/4/203 59 51 13 1 9 50 0 0,00 18 10.575,60 6194 183,70 SIM 11.590.970,46 
451 5/4/203 23 18 31 17 53 28 0 0,00 87 17.131,80 7368 21,53 SIM 13.379.529,89 
452 9/4/203 54 11 51 16 36 30 0 0,00 76 18.847,21 6317 225,90 SIM 15.98.395,42 
453 12/4/203 58 52 8 34 20 23 0 0,00 120 15.932,45 7882 241,65 SIM 17.392.667,68 
454 16/4/203 4 17 42 56 46 24 0 0,00 275 7.515,39 16564 124,30 SIM 19.872.744,64 
455 19/4/203 50 15 17 2 14 59 0 0,00 86 23.171,64 7989 248,50 SIM 22.264.57,74 
456 23/4/203 17 40 22 27 33 3 0 0,00 221 11.142,66 16964 144,61 SIM 25.219.91,20 
457 26/4/203 48 15 24 27 17 32 3 10.000.441,74 480 8.32,49 31340 126,68 NÃO 0,00 
458 30/4/203 43 53 13 32 34 24 0 0,00 82 7.395,34 3921 154,8 SIM 727.71,47 
459 3/5/203 43 17 8 15 49 39 0 0,00 62 12.146,48 4197 178,76 SIM 15.96.31,9 
460 7/5/203 19 55 30 23 37 49 0 0,00 155 9.688,96 9464 158,9 SIM 17.78.446,64 
461 10/5/203 30 17 20 29 15 60 0 0,00 189 10.317,48 8312 233,71 SIM 20.48.450,45 
462 14/5/203 27 48 17 19 26 22 0 0,00 212 9.23,34 14463 131,76 SIM 22.343.987,57 
463 17/5/203 7 18 2 45 3 53 0 0,00 166 14.740,96 15269 159,66 SIM 25.280.386,38 
464 21/5/203 6 33 45 38 24 50 1 28.414.544,43 241 10.837,34 15457 168,33 NÃO 0,00 
465 24/5/203 46 31 1 57 22 51 0 0,00 19 40.627,81 2175 353,57 SIM 926.313,93 
466 28/5/203 28 16 45 29 30 11 0 0,00 64 10.353,72 3582 184,29 SIM 1.721.479,17 
467 31/5/203 38 21 8 22 18 60 0 0,00 45 20.730,13 397 237,87 SIM 2.840.95,83 
468 4/6/203 23 6 25 39 51 5 0 0,00 58 14.292,56 471 175,67 SIM 3.835.668,21 
469 7/6/203 29 47 42 21 13 26 2 2.596.432,92 187 6.48,12 8798 128,7 NÃO 0,00 
470 11/6/203 51 58 23 11 8 37 0 0,00 86 13.384,59 694 188,18 SIM 13.182.29,14 
471 14/6/203 51 59 31 5 36 32 0 0,00 76 19.668,2 5490 271,24 SIM 14.975.752,83 
472 18/6/203 12 3 38 29 51 4 0 0,00 82 17.224,58 6518 215,88 SIM 16.670.651,2 
473 21/6/203 51 7 58 49 23 41 0 0,00 65 23.285,11 6524 231,12 SIM 18.486.889,8 
474 25/6/203 34 3 12 50 32 40 0 0,00 56 34.156,59 6910 275,76 SIM 20.782.211,64 
475 28/6/203 19 6 43 52 8 22 0 0,00 156 15.08,18 13235 176,23 SIM 23.591.742,20 
476 2/7/203 38 43 20 55 17 58 0 0,00 163 16.837,81 11465 238,49 SIM 26.885.217,69 
477 5/7/203 47 34 8 6 18 38 3 10.41.481,92 279 12.900,92 21958 163,30 NÃO 0,00 
478 9/7/203 30 8 31 3 21 25 0 0,00 92 7.45,32 4876 132,43 SIM 777.83,22 
479 12/7/203 20 54 58 26 41 46 0 0,00 32 29.12,34 2834 326,35 SIM 16.88.932,65 
480 16/7/203 36 38 33 14 49 41 0 0,00 112 13.831,54 8589 179,69 SIM 17.947.892,21 
481 19/7/203 42 6 24 44 22 13 3 6.796.888,3 359 5.670,32 19465 14,19 NÃO 0,00 
482 23/7/203 13 56 12 33 53 54 0 0,00 41 14.878,29 2929 27,48 SIM 732.11,95 
483 26/7/203 16 23 35 18 44 59 0 0,00 90 9.761,25 6279 139,38 SIM 1.786.227,43 
484 30/7/203 53 19 38 18 17 49 0 0,00 55 13.655,17 415 186,35 SIM 2.687.468,43 
485 2/8/203 38 28 52 30 19 57 0 0,00 30 35.888,42 323 334,87 SIM 3.979.451,73 
486 6/8/203 50 42 19 8 30 14 1 5.125.800,12 55 17.368,92 4325 220,5 NÃO 0,00 
487 9/8/203 25 22 48 52 54 8 2 467.72,34 14 7.495,23 5329 145,73 NÃO 0,00 
488 13/8/203 30 39 35 43 15 57 0 0,00 46 11.864,7 2699 21,45 SIM 654.896,68 
489 16/8/203 28 36 17 53 33 59 0 0,00 67 12.46,82 517 162,16 SIM 9.662.631,84 
490 20/8/203 5 11 29 54 23 58 1 11.70.173,50 148 7.925,35 8438 138,49 NÃO 0,00 
491 23/8/203 22 43 15 55 9 1 1 849.344,26 81 8.738,11 4221 167,5 NÃO 0,00 
492 27/8/203 57 2 15 6 56 18 0 0,00 26 19.41,52 2629 187,61 SIM 594.95,53 
493 30/8/203 54 20 3 18 42 24 0 0,00 79 9.663,99 5294 143,67 SIM 1.510.241,51 
494 3/9/203 28 32 49 53 18 20 0 0,00 32 21.997,60 2766 253,53 SIM 2.354.949,51 
495 6/9/203 36 15 60 8 29 49 0 0,00 48 20.565,2 5313 185,9 SIM 3.539.495,3 
496 10/9/203 41 20 19 29 59 10 0 0,00 31 27.720,31 3495 244,94 SIM 4.570.690,49 
497 13/9/203 9 41 32 13 58 20 0 0,00 72 15.712,44 5439 27,21 SIM 5.928.244,66 
498 17/9/203 49 28 2 6 57 50 0 0,00 58 17.63,00 4592 221,50 SIM 7.153.413,1 
499 20/9/203 59 1 11 5 44 4 1 8.698.99,22 126 10.216,18 893 144,4 NÃO 0,00 
500 27/9/203 35 21 54 29 38 36 1 9.394.248,83 73 23.869,1 6818 254,60 NÃO 0,00 
51 1/10/203 34 27 56 28 16 39 0 0,00 43 11.33,51 337 159,45 SIM 583.261,35 
52 4/10/203 50 7 33 21 24 13 2 730.915,33 268 2.731,87 9549 76,39 NÃO 0,00 
53 8/10/203 10 21 48 27 49 7 0 0,00 40 11.636,6 2934 158,4 SIM 558.530,93 
54 11/10/203 39 19 11 8 50 30 0 0,00 54 12.855,55 406 172,64 SIM 1.391.570,39 
55 15/10/203 47 20 52 3 46 28 0 0,00 30 19.736,18 2559 230,51 SIM 2.12.72,80 
56 18/10/203 31 37 34 15 38 4 0 0,00 65 12.720,38 4735 173,96 SIM 3.94.262,1 
57 22/10/203 44 58 5 27 33 3 2 1.963.484,53 212 3.273,22 664 14,68 NÃO 0,00 
58 25/10/203 46 56 5 15 45 10 0 0,00 33 18.38,77 325 196,5 SIM 714.335,26 
59 29/10/203 32 55 34 35 28 33 0 0,00 39 13.14,28 2852 178,52 SIM 7.199.176,21 
510 1/11/203 30 45 58 1 4 41 2 4.252.983,6 70 15.557,2 4392 247,1 NÃO 0,00 
511 5/11/203 8 36 34 37 3 4 0 0,00 50 8.700,75 3155 137,37 SIM 761.315,61 
512 8/11/203 8 40 58 4 53 31 3 653.828,50 41 16.727,11 2277 300,5 NÃO 0,00 
513 12/11/203 46 10 27 19 33 39 0 0,00 46 8.485,71 2427 160,23 SIM 683.99,65 
514 15/11/203 15 52 40 36 51 42 0 0,00 20 24.964,72 129 411,42 SIM 4.941.165,35 
515 19/11/203 39 16 57 15 45 48 0 0,00 33 20.464,65 2636 255,23 SIM 6.122.998,73 
516 22/11/203 24 5 34 13 35 33 0 0,00 164 5.416,2 7718 114,65 SIM 7.677.394,38 
517 26/11/203 51 32 8 28 38 7 0 0,00 36 22.385,92 3262 246,13 SIM 9.87.77,16 
518 29/11/203 44 8 5 15 18 10 0 0,00 182 6.14,85 8653 126,4 SIM 11.03.437,88 
519 3/12/203 9 36 15 19 42 22 0 0,00 111 9.685,31 718 152,61 SIM 18.558.840,36 
520 6/12/203 32 34 17 35 9 12 0 0,00 166 10.17,32 1884 152,20 SIM 21.468.871,74 
521 10/12/203 28 32 38 25 15 45 0 0,00 166 10.463,37 1610 163,9 SIM 24.58.480,18 
522 13/12/203 49 52 15 25 14 6 0 0,00 118 19.311,39 8280 274,17 SIM 28.496.281,66 
523 17/12/203 45 58 40 39 28 44 0 0,00 123 27.528,74 9692 348,5 SIM 34.421.843,43 
524 20/12/203 47 29 34 48 19 41 1 42.794.697,56 180 26.580,49 17156 277,83 NÃO 0,00 
525 27/12/203 26 32 24 49 8 10 2 10.28.722,99 153 11.600,82 9640 183,43 NÃO 0,00 
526 3/1/204 3 59 21 36 55 31 0 0,00 34 22.681,4 2444 314,34 SIM 1.349.521,77 
527 7/1/204 17 14 50 52 6 26 0 0,00 23 27.463,44 291 300,94 SIM 2.454.925,13 
528 10/1/204 34 28 37 12 8 31 0 0,00 67 12.554,60 4827 173,60 SIM 3.926.952,17 
529 14/1/204 56 45 13 33 38 1 15 348.732,75 87 8.565,12 4758 156,3 NÃO 0,00 
530 17/1/204 32 21 25 1 6 49 0 0,00 49 18.51,75 3771 239,50 SIM 7.541.64,5 
531 21/1/204 3 1 35 7 18 50 0 0,00 96 9.79,10 5188 167,37 SIM 9.66.892,84 
532 24/1/204 13 4 12 53 9 52 0 0,00 69 16.628,16 5314 215,9 SIM 11.74.743,3 
533 28/1/204 27 18 13 59 21 53 0 0,00 82 12.747,27 5129 23,3 SIM 12.93.975,95 
534 31/1/204 48 57 23 8 31 3 1 15.184.658,12 17 12.179,88 6559 197,95 NÃO 0,00 
535 4/2/204 49 14 47 56 6 28 1 7.834.139,14 59 12.25,2 4136 170,89 NÃO 0,00 
536 7/2/204 14 22 25 15 37 23 0 0,00 49 12.551,38 3217 190,46 SIM 1.76.280,35 
537 11/2/204 37 3 19 34 39 7 1 2.54.340,5 128 4.366,34 5345 14,17 NÃO 0,00 
538 14/2/204 45 43 56 25 52 3 0 0,00 36 16.533,54 2657 223,17 SIM 1.41.612,80 
539 18/2/204 16 50 55 6 47 19 0 0,00 21 25.214,62 198 276,47 SIM 5.728.373,54 
540 21/2/204 22 4 30 44 28 49 0 0,00 84 10.186,19 4535 187,97 SIM 7.225.743,35 
541 28/2/204 58 57 27 13 49 52 1 9.144.543,50 54 20.34,76 4879 223,88 NÃO 0,00 
542 3/3/204 49 4 19 28 35 6 0 0,00 42 9.683,43 2800 144,70 SIM 711.731,71 
543 6/3/204 35 54 37 42 49 46 1 1.836.749,58 78 8.241,89 2557 250,47 NÃO 0,00 
544 10/3/204 11 33 56 47 17 34 0 0,00 39 10.62,10 2415 161,89 SIM 4.929.350,89 
545 13/3/204 43 35 57 29 40 17 1 6.49.645,53 12 8.292,97 4315 195,29 NÃO 0,00 
546 17/3/204 46 4 54 17 13 5 0 0,00 32 12.224,97 303 129,78 SIM 684.598,29 
547 20/3/204 4 59 13 53 28 30 1 1.746.857,35 42 14.452,51 2599 232,67 NÃO 0,00 
548 24/3/204 51 49 14 47 59 58 0 0,00 9 41.634,70 965 386,83 SIM 655.746,39 
549 27/3/204 13 51 58 22 46 8 0 0,00 34 17.519,41 2772 214,7 SIM 5.216.225,00 
550 31/3/204 17 56 16 38 39 45 0 0,00 39 18.277,00 2948 240,88 SIM 6.463.630,53 
551 3/4/204 56 48 57 21 12 46 0 0,00 35 28.192,58 327 324,75 SIM 8.190.426,28 
552 7/4/204 22 54 52 47 49 9 0 0,00 69 14.110,9 4299 225,61 SIM 9.894.220,21 
553 10/4/204 43 46 58 53 54 4 0 0,00 42 23.814,78 338 31,22 SIM 11.644.66,76 
554 14/4/204 47 29 31 15 60 42 0 0,00 64 20.951,21 4812 277,60 SIM 20.258.939,21 
555 17/4/204 49 5 23 33 45 31 1 23.810.57,19 152 13.350,7 1733 188,35 NÃO 0,00 
556 21/4/204 8 45 30 33 17 10 0 0,00 20 14.872,57 1699 174,41 SIM 520.539,87 
557 24/4/204 18 49 38 23 8 12 0 0,00 59 11.01,41 3777 171,20 SIM 1.656.435,1 
558 28/4/204 59 57 7 58 31 14 0 0,00 21 26.571,46 2000 277,94 SIM 2.632.936,6 
559 1/5/204 53 25 36 13 17 6 1 3.77.152,54 75 8.184,51 4460 137,11 NÃO 0,00 
560 5/5/204 32 18 11 30 2 58 0 0,00 44 16.215,47 2585 274,97 SIM 6.433.69,85 
561 8/5/204 39 49 36 20 55 1 0 0,00 32 31.342,98 2743 364,27 SIM 8.188.276,67 
562 12/5/204 37 35 23 16 57 55 0 0,00 117 8.271,95 5150 187,22 SIM 9.881.959,48 
563 15/5/204 34 8 23 44 51 5 0 0,00 90 13.541,69 607 22,12 SIM 12.14.774,50 
564 19/5/204 38 13 32 20 10 49 0 0,00 46 25.392,82 4446 261,73 SIM 20.397.765,64 
565 22/5/204 31 37 35 7 45 34 0 0,00 57 29.241,27 684 244,4 SIM 23.314.582,63 
566 26/5/204 17 6 20 18 13 37 0 0,00 176 11.334,45 1332 152,49 SIM 26.85.592,27 
567 29/5/204 57 58 11 38 41 31 0 0,00 69 37.888,61 5787 450,5 SIM 31.380.642,6 
568 2/6/204 25 41 17 29 13 22 0 0,00 457 7.82,44 24931 142,48 SIM 37.620.642,34 
569 5/6/204 32 15 14 9 3 57 1 46.663.532,70 434 11.96,37 29922 172,4 NÃO 0,00 
570 9/6/204 35 32 36 33 51 15 0 0,00 84 18.168,10 7539 21,67 SIM 21.431.972,38 
571 12/6/204 14 31 12 13 51 50 0 0,00 69 22.294,35 5572 275,4 SIM 24.124.14,99 
572 16/6/204 33 3 20 60 9 16 0 0,00 162 10.668,49 9940 173,21 SIM 27.148.533,16 
573 19/6/204 59 29 17 6 40 22 0 0,00 82 25.12,22 8272 247,00 SIM 30.737.786,41 
574 23/6/204 32 23 2 10 44 17 0 0,00 162 12.69,31 12691 160,35 SIM 45.420.567,88 
575 26/6/204 18 29 21 48 35 5 2 25.737.16,52 470 7.359,84 21660 159,10 NÃO 0,00 
576 30/6/204 18 43 52 39 7 8 0 0,00 27 22.856,21 1978 310,81 SIM 1.79.955,77 
577 3/7/204 31 47 28 23 8 24 0 0,00 57 15.92,90 4579 187,17 SIM 2.585.472,50 
578 7/7/204 48 3 58 18 56 23 1 3.982.872,62 62 12.879,26 3639 218,60 NÃO 0,00 
579 10/7/204 15 34 39 17 4 9 1 1.175.432,13 90 7.463,6 5172 129,38 NÃO 0,00 
580 14/7/204 38 16 18 28 15 47 0 0,00 56 16.168,75 497 220,17 SIM 9.592.944,81 
581 17/7/204 30 25 52 14 39 17 1 11.781.320,2 56 22.330,36 4429 281,27 NÃO 0,00 
582 21/7/204 13 40 29 59 45 51 0 0,00 29 17.143,40 1943 254,91 SIM 870.27,37 
583 24/7/204 55 6 41 20 43 7 0 0,00 36 20.218,13 2157 336,16 SIM 2.143.769,60 
584 28/7/204 30 53 23 7 32 8 0 0,00 49 13.327,92 3278 198,48 SIM 8.329.175,80 
585 31/7/204 24 39 12 33 57 36 1 10.166.87,68 124 8.468,35 7122 146,89 NÃO 0,00 
586 4/8/204 45 38 13 11 54 39 0 0,00 30 15.687,92 2162 216,87 SIM 823.615,95 
587 7/8/204 30 2 36 18 60 29 0 0,00 36 20.518,92 2436 32,9 SIM 2.116.38,12 
588 11/8/204 45 13 46 55 53 11 0 0,00 22 29.565,71 288 310,34 SIM 3.254.587,92 
589 14/8/204 13 7 33 59 6 8 0 0,00 152 5.926,91 905 99,66 SIM 9.594.559,27 
590 18/8/204 25 51 5 18 4 28 0 0,00 70 14.15,62 5155 190,82 SIM 11.322.497,59 
591 21/8/204 58 3 18 50 34 1 0 0,00 64 18.968,95 4448 271,90 SIM 13.447.20,10 
592 25/8/204 55 14 59 47 13 42 0 0,00 60 18.664,59 562 220,39 SIM 15.46.81,69 
593 28/8/204 27 29 1 59 25 49 0 0,00 68 20.265,54 5291 259,47 SIM 17.818.41,51 
594 1/9/204 10 53 55 29 13 47 0 0,00 121 11.747,70 6444 219,76 SIM 27.956.987,94 
595 4/9/204 54 2 43 1 50 25 0 0,00 89 22.736,36 7230 278,82 SIM 31.498.176,46 
596 8/9/204 43 60 28 11 54 14 0 0,00 116 15.749,68 6578 276,69 SIM 34.695.360,86 
597 11/9/204 42 40 27 22 56 29 0 0,00 140 21.650,75 1021 31,33 SIM 39.999.792,49 
598 15/9/204 5 16 53 38 50 34 2 23.179.951,19 234 15.531,40 19229 188,29 NÃO 0,00 
599 18/9/204 6 45 51 9 23 4 0 0,00 65 10.375,80 4755 141,31 SIM 15.168.219,8 
600 22/9/204 18 39 54 34 31 16 0 0,00 73 16.62,92 4640 251,75 SIM 17.220.256,51 
61 25/9/204 37 19 29 30 10 22 0 0,00 75 18.837,59 602 234,50 SIM 19.692.689,90 
62 29/9/204 38 60 13 7 55 46 0 0,00 95 13.988,93 6773 195,47 SIM 22.18.349,56 
63 2/10/204 4 8 11 29 12 44 1 24.750.883,61 233 6.71,50 12565 123,80 NÃO 0,00 
64 6/10/204 41 49 51 25 15 46 0 0,00 15 35.679,23 1422 374,94 SIM 8.450.325,62 
65 9/10/204 44 52 53 4 49 24 0 0,00 45 23.716,98 3980 267,15 SIM 10.318.37,87 
66 13/10/204 41 6 23 55 32 35 1 11.878.491,65 43 20.736,93 3770 235,63 NÃO 0,00 
67 16/10/204 6 59 11 27 19 41 0 0,00 48 13.56,67 359 211,14 SIM 1.134.560,21 
68 20/10/204 30 6 37 19 24 13 0 0,00 11 6.267,54 5181 121,72 SIM 2.242.347,59 
69 23/10/204 15 2 59 60 6 58 0 0,00 60 13.952,24 3994 28,81 SIM 8.84.117,70 
610 27/10/204 25 49 30 43 47 45 0 0,00 62 14.911,12 444 227,75 SIM 10.421.973,58 
611 30/10/204 22 21 33 16 48 49 0 0,00 69 16.349,76 4531 248,4 SIM 12.396.27,89 
612 3/11/204 55 33 15 50 53 18 0 0,00 41 22.250,5 3389 268,16 SIM 13.992.649,10 
613 6/11/204 54 55 13 44 6 19 0 0,00 18 12.259,22 711 185,76 SIM 16.39.642,40 
614 10/11/204 60 31 12 48 57 16 0 0,00 53 24.951,84 4127 319,23 SIM 25.638.73,79 
615 13/11/204 27 31 8 10 51 5 0 0,00 157 11.348,3 9780 181,48 SIM 28.755.943,65 
616 17/11/204 24 16 26 54 12 2 0 0,00 90 18.187,52 9236 176,56 SIM 31.620.478,41 
617 20/11/204 25 5 49 36 33 3 2 17.791.387,59 289 7.834,50 17341 130,8 NÃO 0,00 
618 24/11/204 60 10 3 8 24 13 0 0,00 86 6.312,56 4992 18,34 SIM 950.38,98 
619 27/11/204 16 12 46 14 8 19 0 0,00 11 7.354,6 5924 124,91 SIM 10.960.275,81 
620 1/12/204 22 1 29 13 32 3 0 0,00 87 11.77,9 5886 172,39 SIM 12.742.680,43 
621 4/12/204 29 31 50 26 57 49 0 0,00 40 32.94,81 3837 341,73 SIM 15.46.17,24 
622 8/12/204 59 27 19 29 50 38 0 0,00 49 24.789,92 3560 339,92 SIM 17.171.752,86 
623 11/12/204 42 23 55 30 9 49 0 0,00 124 12.236,3 6915 218,59 SIM 19.826.970,7 
624 15/12/204 39 23 34 52 8 43 1 22.375.180,8 18 13.482,59 7284 199,16 NÃO 0,00 
625 18/12/204 59 12 32 42 24 40 0 0,00 49 20.777,72 456 250,6 SIM 9.935.192,23 
626 22/12/204 49 8 22 18 7 39 0 0,00 52 21.294,16 596 216,47 SIM 11.872.960,59 
627 29/12/204 19 13 45 58 56 1 0 0,00 112 14.270,18 849 197,82 SIM 14.669.915,47 
628 5/1/205 8 16 22 56 58 30 1 17.373.966,13 76 20.331,21 5510 279,37 NÃO 0,00 
629 8/1/205 40 47 39 16 51 15 1 1.14.456,38 15 42.74,53 1865 337,13 NÃO 0,00 
630 12/1/205 16 53 20 60 12 45 0 0,00 33 24.880,69 2972 275,23 SIM 8.811.81,94 
631 15/1/205 1 28 47 20 44 32 1 10.579.247,17 46 21.955,84 3548 283,58 NÃO 0,00 
632 19/1/205 2 54 48 51 19 28 0 0,00 26 19.697,2 1962 260,3 SIM 896.214,44 
633 22/1/205 27 46 5 50 11 22 0 0,00 58 11.744,77 3524 192,57 SIM 2.88.38,43 
634 26/1/205 13 41 24 42 10 56 0 0,00 54 11.854,27 3752 169,97 SIM 7.789.137,30 
635 29/1/205 49 42 37 8 20 26 0 0,00 58 16.456,84 3646 260,80 SIM 9.459.56,58 
636 2/2/205 30 32 34 50 28 26 0 0,00 74 12.762,47 3170 296,79 SIM 11.112.246,45 
637 5/2/205 52 58 43 48 11 18 0 0,00 29 38.451,69 3560 312,4 SIM 13.63.669,53 
638 12/2/205 42 10 50 41 11 36 0 0,00 65 22.677,35 4518 325,3 SIM 15.643.218,50 
639 16/2/205 51 39 35 60 45 13 0 0,00 72 17.653,96 5473 231,37 SIM 25.66.531,77 
640 19/2/205 12 42 59 46 19 60 0 0,00 129 14.12,81 894 222,49 SIM 28.229.924,76 
641 23/2/205 17 13 33 9 1 34 1 31.923.289,19 366 5.766,38 2840 100,89 NÃO 0,00 
642 26/2/205 51 17 56 36 44 40 0 0,00 28 22.758,80 1988 319,34 SIM 1.115.180,94 
643 2/3/205 14 45 24 37 40 42 0 0,00 41 15.663,14 2694 237,48 SIM 2.239.11,24 
644 5/3/205 57 29 31 27 34 14 0 0,00 81 10.667,36 4433 194,17 SIM 11.328.156,70 
645 9/3/205 52 48 24 53 54 3 0 0,00 39 27.310,11 4345 244,20 SIM 13.192.71,41 
646 12/3/205 13 47 60 32 49 10 0 0,00 79 16.79,41 6173 25,00 SIM 15.415.49,93 
647 16/3/205 56 19 11 14 12 54 1 17.63.353,15 50 25.09,18 5432 229,34 NÃO 0,00 
648 19/3/205 5 48 23 42 45 29 3 361.199,61 139 4.454,67 4869 126,69 NÃO 0,00 
649 23/3/205 9 54 41 48 33 24 0 0,00 31 15.748,23 2156 225,57 SIM 6.720.868,6 
650 26/3/205 53 59 25 29 10 24 0 0,00 29 24.322,62 2765 254,15 SIM 7.955.241,21 
651 30/3/205 39 45 28 26 48 60 0 0,00 36 24.882,92 4356 24,86 SIM 9.522.864,81 
652 2/4/205 24 18 57 56 10 20 0 0,00 41 27.383,54 3874 288,71 SIM 11.487.633,94 
653 6/4/205 31 24 19 34 9 5 0 0,00 74 14.994,32 6274 176,18 SIM 13.429.397,87 
654 9/4/205 10 11 56 40 41 6 1 15.767.596,35 66 20.244,14 4745 280,52 NÃO 0,00 
655 13/4/205 26 39 1 37 43 48 0 0,00 23 33.457,53 2722 281,64 SIM 7.88.614,22 
656 16/4/205 59 37 46 36 35 51 0 0,00 24 42.26,73 2623 383,8 SIM 9.573.736,75 
657 20/4/205 20 59 58 33 60 16 1 11.354.235,39 56 18.168,36 3995 253,72 NÃO 0,00 
658 23/4/205 41 20 36 3 11 6 0 0,00 31 18.418,26 2883 197,30 SIM 999.190,32 
659 27/4/205 14 29 40 34 51 52 0 0,00 22 27.222,16 1390 429,22 SIM 7.04.50,46 
660 30/4/205 53 5 38 54 46 11 0 0,00 58 16.751,00 424 230,23 SIM 8.74.277,5 
661 4/5/205 42 40 27 4 55 36 0 0,00 64 15.130,77 4211 229,9 SIM 10.398.923,36 
662 7/5/205 4 60 56 25 18 23 0 0,00 79 14.974,99 5525 213,31 SIM 12.469.215,44 
663 11/5/205 1 49 30 55 27 51 0 0,00 64 17.649,82 420 279,93 SIM 14.445.995,20 
664 14/5/205 12 1 55 59 38 36 0 0,00 74 18.450,77 4971 273,62 SIM 23.857.740,39 
665 18/5/205 8 47 7 48 25 18 0 0,00 185 8.538,56 1055 156,51 SIM 26.622.98,55 
666 21/5/205 7 26 16 29 45 55 0 0,00 77 26.923,37 8122 254,29 SIM 30.250.22,18 
667 25/5/205 5 23 16 4 49 1 1 34.263.173,55 23 11.296,70 15283 149,48 NÃO 0,00 
668 28/5/205 49 33 56 2 14 1 0 0,00 53 11.07,74 2814 26,54 SIM 1.20.967,19 
669 1/6/205 7 41 24 40 49 27 1 2.170.216,15 32 20.522,30 2427 269,57 NÃO 0,00 
670 4/6/205 42 59 58 37 48 22 0 0,00 24 43.85,53 2895 355,84 SIM 10.792.198,93 
671 8/6/205 27 16 39 51 9 38 0 0,00 67 16.69,70 4259 260,30 SIM 12.739.685,49 
672 11/6/205 43 34 53 38 28 24 0 0,00 54 24.277,19 4411 296,8 SIM 15.33.880,1 
673 15/6/205 6 40 37 11 20 34 0 0,00 72 17.523,73 4792 262,30 SIM 17.241.869,86 
674 18/6/205 22 32 18 29 42 38 0 0,00 96 16.70,11 5586 275,14 SIM 27.769.536,63 
675 22/6/205 50 42 30 25 43 24 0 0,00 67 26.180,70 524 335,79 SIM 30.839.224,48 
676 25/6/205 49 32 15 9 41 42 0 0,00 94 22.81,78 7583 272,69 SIM 34.471.676,39 
677 29/6/205 25 10 48 8 32 55 0 0,00 284 8.422,82 1283 186,14 SIM 38.657.818,81 
678 2/7/205 44 46 31 14 40 42 0 0,00 115 28.311,43 9797 331,7 SIM 44.355.495,36 
679 6/7/205 37 21 54 3 58 25 1 51.890.452,61 448 9.610,91 2287 194,20 NÃO 0,00 
680 9/7/205 44 2 26 5 3 22 0 0,00 188 7.276,69 11222 121,45 SIM 19.623.257,97 
681 13/7/205 59 21 53 25 58 38 0 0,00 62 23.695,9 5210 280,91 SIM 22.194.175,20 
682 16/7/205 60 37 47 36 4 27 0 0,00 62 25.832,17 5647 282,55 SIM 24.996.965,62 
683 20/7/205 43 40 12 11 2 35 0 0,00 79 19.666,4 5680 272,49 SIM 27.715.795,78 
684 23/7/205 50 37 33 40 19 17 0 0,00 81 22.483,66 713 255,42 SIM 40.669.733,33 
685 27/7/205 33 27 5 56 12 43 1 44.331.219,78 347 6.29,62 1544 135,32 NÃO 0,00 
686 30/7/205 33 5 4 54 15 26 0 0,00 47 15.221,72 391 182,71 SIM 1.251.986,54 
687 3/8/205 59 48 1 7 41 14 0 0,00 28 25.839,62 2887 249,66 SIM 2.518.128,16 
688 6/8/205 47 30 52 11 21 35 0 0,00 38 23.920,89 2757 328,45 SIM 4.18.867,61 
689 10/8/205 6 60 7 31 49 51 0 0,00 29 30.336,11 2998 292,33 SIM 12.298.361,58 
690 13/8/205 15 41 8 47 12 53 0 0,00 90 13.225,50 5446 217,74 SIM 14.381.378,18 
691 17/8/205 55 16 58 8 37 50 0 0,00 54 20.629,58 3896 284,85 SIM 16.330.873,12 
692 20/8/205 33 18 60 11 58 57 0 0,00 71 18.365,13 4995 260,6 SIM 18.612.740,26 
693 24/8/205 14 50 41 17 31 13 0 0,00 152 8.99,82 7170 188,18 SIM 20.982.752,64 
694 27/8/205 15 19 29 53 37 41 0 0,00 114 13.859,26 787 222,10 SIM 31.925.755,5 
695 31/8/205 13 40 21 52 6 11 0 0,00 76 22.217,91 6333 265,62 SIM 34.880.737,54 
696 3/9/205 37 16 34 57 53 9 2 19.251.32,49 195 10.613,53 1814 190,66 NÃO 0,00 
697 10/9/205 53 35 32 31 28 51 0 0,00 27 33.337,57 2895 39,74 SIM 1.575.200,44 
698 14/9/205 22 8 27 43 55 12 0 0,00 43 16.354,69 3981 175,99 SIM 2.85.890,89 
699 19/9/205 53 17 50 23 54 48 0 0,00 54 16.259,9 3752 233,13 SIM 12.141.821,41 
700 21/9/205 2 3 24 40 31 14 0 0,00 53 17.991,31 3584 265,4 SIM 13.810.515,56 
71 24/9/205 13 1 31 23 60 48 0 0,00 13 11.253,13 5623 25,35 SIM 15.838.891,81 
72 28/9/205 1 56 18 58 45 57 0 0,00 47 22.868,49 3663 292,31 SIM 17.719.825,24 
73 1/10/205 30 24 2 45 11 27 0 0,00 123 10.767,16 7343 179,68 SIM 20.37.455,42 
74 5/10/205 2 27 50 34 18 4 0 0,00 56 22.659,95 5784 218,56 SIM 29.484.65,62 
75 8/10/205 3 15 11 13 26 43 0 0,00 144 11.780,58 11514 146,78 SIM 32.452.771,10 
76 15/10/205 22 10 17 7 2 60 0 0,00 282 7.866,56 15980 138,30 SIM 36.334.914,54 
77 19/10/205 51 8 1 43 10 36 2 19.919.975,72 140 14.36,28 12461 160,12 NÃO 0,00 
78 22/10/205 45 13 39 47 9 7 0 0,00 12 6.567,35 5998 111,26 SIM 1.172.271,79 
79 26/10/205 29 22 44 9 6 4 0 0,00 16 5.881,47 522 119,39 SIM 11.276.978,00 
710 29/10/205 46 25 5 49 39 34 0 0,00 48 21.483,28 468 222,94 SIM 13.81.573,14 
711 5/11/205 10 5 41 59 40 33 0 0,00 79 18.118,11 5840 244,16 SIM 15.586.42,1 
712 9/11/205 35 7 53 58 8 43 0 0,00 97 12.122,15 5637 27,81 SIM 17.644.136,19 
713 12/11/205 46 1 26 16 12 54 0 0,00 67 20.438,81 5838 233,68 SIM 20.40.586,54 
714 16/11/205 17 53 39 8 7 35 0 0,00 113 9.766,45 1955 100,36 SIM 29.611.134,96 
715 19/11/205 54 36 12 4 33 24 3 10.825.89,33 237 6.910,89 13134 124,24 NÃO 0,00 
716 23/11/205 29 2 7 50 16 32 1 945.382,75 37 14.600,51 2512 214,25 NÃO 0,00 
717 26/11/205 28 35 41 17 6 23 0 0,00 68 8.956,76 3816 159,00 SIM 1.65.855,6 
718 30/11/205 7 35 21 39 58 33 0 0,00 41 13.759,23 2893 194,26 SIM 2.53.79,87 
719 3/12/205 39 47 37 53 32 3 0 0,00 63 12.737,00 3553 225,00 SIM 8.649.484,79 
720 7/12/205 12 56 44 51 31 54 0 0,00 20 45.658,99 266 349,9 SIM 10.247.549,36 
721 10/12/205 14 3 23 55 36 25 0 0,00 99 11.25,33 6723 161,75 SIM 12.157.688,32 
722 14/12/205 60 36 57 18 44 9 0 0,00 85 12.74,5 5334 21,68 SIM 14.47.415,26 
723 17/12/205 16 6 52 1 36 50 0 0,00 49 25.242,4 4000 38,5 SIM 16.211.920,28 
724 21/12/205 34 51 55 17 48 27 0 0,00 12 12.537,87 6190 25,82 SIM 25.450.246,43 
725 31/12/205 49 9 3 35 37 41 2 15.815.987,63 343 10.298,59 2451 172,8 NÃO 0,00 
726 4/1/206 40 47 1 5 7 37 0 0,00 35 15.459,49 2838 189,94 SIM 946.893,69 
727 7/1/206 14 42 12 4 59 30 0 0,00 29 25.08,46 2688 268,79 SIM 2.216.72,86 
728 11/1/206 44 42 13 8 24 32 0 0,00 81 8.575,31 5381 128,59 SIM 3.431.622,25 
729 14/1/206 33 56 18 57 43 5 1 4.969.519,90 51 17.231,34 541 173,67 NÃO 0,00 
730 18/1/206 45 15 2 54 16 50 0 0,00 34 23.412,97 2824 280,82 SIM 9.358.249,67 
731 21/1/206 35 6 15 23 28 16 0 0,00 88 11.554,63 6659 152,12 SIM 11.137.662,34 
732 25/1/206 49 19 53 50 17 6 0 0,00 65 14.610,54 4196 225,48 SIM 12.799.611,64 
733 28/1/206 12 26 31 43 46 2 0 0,00 67 16.737,98 5110 218,63 SIM 14.762.139,60 
734 1/2/206 44 45 27 29 43 54 1 16.726.569,98 58 19.354,00 3984 280,69 NÃO 0,00 
735 4/2/206 40 42 15 52 38 9 0 0,00 33 27.163,91 343 293,47 SIM 7.826.853,28 
736 8/2/206 1 21 38 41 56 49 0 0,00 19 47.835,60 2190 413,44 SIM 9.417.386,79 
737 11/2/206 33 12 24 38 11 32 0 0,00 65 18.730,63 6267 193,54 SIM 11.547.995,59 
738 15/2/206 15 30 14 42 26 54 0 0,00 47 26.720,69 4178 299,45 SIM 13.745.772,39 
739 18/2/206 6 45 56 49 35 10 0 0,00 54 25.993,77 4723 296,8 SIM 23.35.73,75 
740 22/2/206 29 47 12 50 16 28 1 26.132.814,65 90 17.953,91 6943 231,85 NÃO 0,00 
741 25/2/206 26 39 27 24 59 36 0 0,00 23 28.453,38 2133 35,65 SIM 1.145.248,54 
742 1/3/206 34 17 7 41 2 50 0 0,00 25 14.199,00 1622 218,2 SIM 1.766.454,86 
743 4/3/206 54 20 32 60 25 23 0 0,00 28 29.491,22 2762 297,84 SIM 3.211.524,66 
744 8/3/206 26 46 12 23 39 4 0 0,00 77 10.441,97 5387 148,70 SIM 9.937.380,49 
745 11/3/206 21 57 37 16 43 2 0 0,00 134 8.64,62 5262 218,30 SIM 11.955.163,21 
746 15/3/206 49 12 10 57 25 1 2 6.995.681,58 114 10.26,52 6686 173,36 NÃO 0,00 
747 18/3/206 21 23 56 12 3 2 0 0,00 53 13.79,29 4363 158,28 SIM 1.213.14,40 
748 22/3/206 1 7 19 51 35 2 0 0,00 74 9.80,42 4519 148,14 SIM 2.389.18,77 
749 25/3/206 24 47 4 57 48 50 0 0,00 31 26.214,36 2669 33,33 SIM 9.429.97,84 
750 29/3/206 58 17 54 10 42 33 0 0,00 49 18.795,69 3799 241,51 SIM 11.40.828,28 
751 1/4/206 4 25 38 50 20 7 0 0,00 74 15.221,68 5579 21,14 SIM 13.12.35,71 
752 5/4/206 25 4 29 42 24 23 0 0,00 86 13.22,30 6849 162,90 SIM 14.971.892,19 
753 8/4/206 59 35 43 22 7 2 1 17.388.228,32 152 9.83,97 8630 159,40 NÃO 0,00 
754 12/4/206 4 42 34 50 3 13 0 0,00 41 14.457,22 2827 28,89 SIM 7.463.330,98 
755 15/4/206 59 30 47 12 4 49 0 0,00 41 18.319,33 2977 251,35 SIM 8.777.742,92 
756 19/4/206 37 50 41 5 38 27 0 0,00 34 27.53,13 3135 297,15 SIM 10.414.179,9 
757 22/4/206 17 32 12 18 58 30 0 0,00 53 17.988,72 3448 275,46 SIM 12.82.632,69 
758 26/4/206 47 59 1 23 36 43 0 0,00 74 14.352,34 4910 215,49 SIM 13.941.260,58 
759 29/4/206 59 39 30 31 48 45 0 0,00 38 32.431,50 2588 474,40 SIM 22.265.544,19 
760 3/5/206 12 17 60 44 46 45 0 0,00 80 16.05,8 5517 231,20 SIM 24.56.255,18 
761 6/5/206 56 29 17 13 27 40 0 0,00 100 17.175,97 8936 191,48 SIM 27.512.48,76 
762 10/5/206 39 9 21 12 37 54 0 0,00 143 13.668,11 1120 192,40 SIM 30.932.491,92 
763 13/5/206 40 47 1 48 9 26 0 0,00 11 23.52,31 7655 38,92 SIM 35.86.525,19 
764 18/5/206 7 3 55 47 53 45 1 40.539.530,90 189 16.486,79 15290 23,3 NÃO 0,00 
765 21/5/206 3 37 50 16 30 10 0 0,00 62 15.552,9 4336 221,54 SIM 14.740.248,65 
766 24/5/206 1 50 19 42 24 58 0 0,00 63 16.857,33 4477 236,31 SIM 16.598.769,93 
767 27/5/206 22 50 32 38 54 15 0 0,00 62 20.318,55 4419 284,00 SIM 18.83.331,88 
768 31/5/206 33 37 59 30 4 8 1 21.24.430,31 93 13.647,30 648 197,31 NÃO 0,00 
769 3/6/206 20 21 50 29 12 16 0 0,00 49 14.382,6 378 228,8 SIM 7.88.149,60 
770 7/6/206 4 34 25 35 48 12 0 0,00 68 13.73,65 541 171,88 SIM 9.438.882,88 
771 10/6/206 29 46 34 47 21 14 0 0,00 69 15.89,83 4559 227,53 SIM 11.260.979,64 
772 14/6/206 38 51 52 60 10 35 0 0,00 66 13.476,30 5330 166,25 SIM 12.817.492,36 
773 17/6/206 3 5 51 29 34 14 0 0,00 58 16.454,70 4919 193,29 SIM 14.487.644,71 
774 21/6/206 37 5 54 58 46 10 1 16.319.71,8 64 16.352,3 4336 240,45 NÃO 0,00 
775 24/6/206 27 12 46 47 42 50 0 0,00 30 25.559,59 358 249,80 SIM 7.421.18,15 
776 28/6/206 57 35 60 41 3 15 0 0,00 56 13.543,61 375 245,72 SIM 8.748.382,29 
777 1/7/206 14 50 23 2 28 56 0 0,00 80 10.746,73 3943 217,22 SIM 10.252.923,38 
778 5/7/206 45 20 36 37 31 51 0 0,00 21 42.785,84 1890 473,60 SIM 11.825.32,87 
779 8/7/206 36 54 52 25 29 26 0 0,00 26 39.580,32 3127 327,85 SIM 19.16.96,7 
780 12/7/206 10 50 28 51 59 7 0 0,00 43 26.754,56 3828 299,40 SIM 21.30.186,72 
781 15/7/206 10 54 8 39 56 13 0 0,00 66 19.89,51 577 228,22 SIM 23.318.185,27 
782 19/7/206 11 23 59 42 35 2 0 0,00 144 9.270,41 7533 176,55 SIM 25.654.326,84 
783 22/7/206 43 21 48 8 4 32 1 28.244.624,32 140 10.572,64 8427 174,99 NÃO 0,00 
784 26/7/206 42 56 8 37 27 53 0 0,00 27 20.363,80 2163 253,24 SIM 8.240.695,17 
785 29/7/206 35 5 37 8 48 17 1 9.770.979,43 126 6.940,6 6657 130,87 NÃO 0,00 
786 2/8/206 27 31 26 11 10 41 0 0,00 19 25.700,8 1521 319,83 SIM 854.527,84 
787 5/8/206 37 31 20 60 34 54 0 0,00 40 16.922,47 1955 344,93 SIM 2.39.100,64 
788 9/8/206 31 57 17 19 29 44 0 0,00 62 10.763,88 3247 24,75 SIM 3.26.981,50 
789 12/8/206 60 39 31 38 6 50 0 0,00 13 62.482,48 188 447,56 SIM 9.27.559,48 
790 16/8/206 22 2 19 28 43 6 0 0,00 71 11.717,34 5884 140,86 SIM 10.483.439,10 
791 19/8/206 42 35 19 9 14 58 1 12.212.213,94 114 8.665,54 5756 170,97 NÃO 0,00 
792 23/8/206 43 56 9 45 29 34 0 0,00 32 15.844,65 1949 259,17 SIM 887.300,41 
793 26/8/206 3 51 33 15 16 57 0 0,00 62 10.387,12 3629 176,79 SIM 2.14.32,6 
794 30/8/206 56 47 55 38 42 3 0 0,00 15 37.06,71 1730 319,66 SIM 7.393.144,45 
795 2/9/206 14 36 21 29 26 48 0 0,00 76 11.29,20 4389 190,27 SIM 8.860.28,16 
796 6/9/206 19 24 43 34 39 5 0 0,00 80 9.974,90 4883 162,81 SIM 10.256.514,12 
797 9/9/206 58 48 52 47 12 6 0 0,00 66 12.566,42 3447 239,70 SIM 11.77.935,1 
798 13/9/206 32 9 4 52 29 3 0 0,00 48 19.610,77 414 228,50 SIM 13.355.239,88 
799 16/9/206 29 35 19 57 42 55 0 0,00 56 19.330,65 4675 230,69 SIM 20.861.429,8 
800 20/9/206 1 7 56 11 37 38 0 0,00 44 26.411,64 4497 257,44 SIM 22.895.125,15 
81 23/9/206 20 22 11 19 48 42 0 0,00 73 19.46,93 5791 243,72 SIM 25.374.360,34 
82 27/9/206 14 24 60 6 18 48 0 0,00 117 12.287,80 8216 174,32 SIM 27.890.287,63 
83 30/9/206 10 57 28 3 5 21 0 0,00 193 8.993,4 1255 143,44 SIM 30.927.687,90 
84 4/10/206 13 59 37 56 3 47 1 34.172.22,25 134 13.835,88 9937 185,88 NÃO 0,00 
85 7/10/206 30 2 48 60 43 36 0 0,00 62 14.428,43 3489 255,42 SIM 11.73.179,39 
86 12/10/206 60 41 47 26 35 18 0 0,00 50 18.518,81 3179 290,17 SIM 12.693.574,74 
87 14/10/206 8 27 2 32 56 49 0 0,00 130 7.262,48 6188 152,1 SIM 14.345.789,99 
88 18/10/206 15 21 31 46 2 57 0 0,00 44 24.446,8 3844 278,76 SIM 16.228.138,27 
89 21/10/206 25 23 11 5 30 15 0 0,00 121 8.582,38 7669 134,90 SIM 24.143.857,18 
810 25/10/206 4 33 1 48 5 37 0 0,00 75 17.55,65 6450 22,79 SIM 26.441.472,82 
811 28/10/206 32 57 28 41 10 47 2 14.597.92,39 89 17.684,31 558 284,67 NÃO 0,00 
812 1/11/206 57 39 54 11 38 13 0 0,00 57 9.696,24 2116 260,21 SIM 967.199,74 
813 4/11/206 23 15 56 46 9 45 0 0,00 43 14.647,97 3244 193,43 SIM 2.69.459,59 
814 8/11/206 11 2 46 50 8 41 0 0,00 37 18.442,44 2534 268,27 SIM 9.23.290,18 
815 11/11/206 57 50 9 39 37 19 0 0,00 56 17.528,89 3621 270,6 SIM 10.921.121,58 
816 16/11/206 21 47 40 52 30 20 0 0,00 21 39.78,11 1885 440,69 SIM 12.380.394,81 
817 18/11/206 34 43 29 30 10 52 0 0,00 27 34.364,35 2469 374,37 SIM 14.04.110,17 
818 22/11/206 44 41 22 8 9 25 0 0,00 58 16.865,13 4935 197,47 SIM 15.715.920,16 
819 25/11/206 51 5 58 46 25 19 0 0,00 15 11.132,90 5868 198,46 SIM 23.874.662,70 
820 29/11/206 17 45 32 21 10 46 2 13.46.320,38 82 15.456,29 512 247,47 NÃO 0,00 
821 2/12/206 4 29 38 36 33 42 0 0,00 37 17.462,93 337 194,64 SIM 1.130.724,80 
822 6/12/206 4 17 41 10 27 52 0 0,00 31 19.931,52 2585 238,13 SIM 2.212.09,51 
823 9/12/206 15 26 59 1 54 51 0 0,00 22 35.180,77 2144 359,62 SIM 3.566.468,83 
824 13/12/206 33 48 6 7 20 9 0 0,00 53 14.753,39 502 155,73 SIM 10.44.04,79 
825 16/12/206 28 21 40 10 41 47 0 0,00 52 19.453,75 4148 242,96 SIM 11.814.295,88 
826 19/12/206 45 6 8 7 53 27 0 0,00 68 9.188,18 3571 174,30 SIM 12.97.689,9 
827 21/12/206 24 56 30 51 42 18 0 0,00 47 21.21,73 416 239,72 SIM 14.636.725,67 
828 23/12/206 23 50 53 42 28 38 0 0,00 29 40.114,62 3478 333,21 SIM 16.672.542,56 
829 31/12/206 32 50 14 47 10 56 0 0,00 162 18.311,20 1814 273,27 SIM 30.36.455,18 
830 3/1/207 53 51 2 41 13 49 0 0,00 94 24.135,5 775 293,34 SIM 34.276.670,77 
831 6/1/207 3 50 48 42 32 33 0 0,00 117 31.716,10 1245 36,90 SIM 40.770.541,92 
832 10/1/207 17 49 15 33 39 23 1 52.87.317,17 510 13.486,58 3786 184,77 NÃO 0,00 
833 13/1/207 53 58 57 16 46 13 0 0,00 40 19.48,81 2678 288,80 SIM 1.358.616,66 
834 17/1/207 44 10 17 16 51 34 1 2.820.323,56 42 19.887,17 373 270,78 NÃO 0,00 
835 20/1/207 58 31 57 49 33 18 0 0,00 40 28.893,86 478 282,34 SIM 20.19.130,83 
836 24/1/207 28 22 38 17 52 59 0 0,00 64 20.981,59 4859 275,31 SIM 22.459.69,62 
837 27/1/207 16 5 24 34 6 60 1 25.67.473,9 73 20.418,3 6233 238,23 NÃO 0,00 
838 31/1/207 9 30 47 38 23 44 0 0,00 41 16.256,65 2825 235,5 SIM 1.166.414,58 
839 3/2/207 11 18 8 7 37 43 0 0,00 77 11.92,88 5314 160,13 SIM 9.548.388,11 
840 7/2/207 43 29 35 59 31 17 0 0,00 94 11.63,23 5512 197,13 SIM 11.457.118,69 
841 10/2/207 36 51 32 22 38 7 0 0,00 67 18.656,13 5162 241,23 SIM 13.644.549,97 
842 14/2/207 51 44 60 9 7 30 0 0,00 58 21.165,39 4700 260,20 SIM 15.792.837,51 
843 17/2/207 34 48 1 16 45 36 0 0,00 68 19.914,21 5642 239,10 SIM 18.162.628,75 
844 24/2/207 54 24 44 57 34 16 0 0,00 91 18.846,39 7679 222,50 SIM 29.460.722,37 
845 28/2/207 40 48 19 20 14 52 0 0,00 67 26.277,83 538 330,43 SIM 32.541.798,4 
846 3/3/207 47 54 2 50 3 44 0 0,00 82 24.621,43 6231 322,79 SIM 36.74.973,92 
847 7/3/207 42 14 44 27 15 48 1 40.484.388,84 242 10.411,84 1462 178,50 NÃO 0,00 
848 10/3/207 56 34 17 32 47 27 1 1.351.49,4 90 8.578,9 462 167,13 NÃO 0,00 
849 14/3/207 8 39 9 58 44 49 0 0,00 33 20.48,37 228 33,87 SIM 10.859.511,56 
850 17/3/207 60 22 59 25 44 7 0 0,00 117 9.690,8 6520 173,22 SIM 12.843.555,94 
851 21/3/207 16 32 35 58 19 3 3 4.966.312,44 177 6.635,61 7593 154,10 NÃO 0,00 
852 24/3/207 14 38 6 23 44 34 0 0,00 42 16.51,24 3489 192,50 SIM 1.179.766,12 
853 28/3/207 51 30 59 46 38 56 0 0,00 17 43.287,28 1465 500,41 SIM 2.467.562,79 
854 31/3/207 17 3 24 27 44 25 0 0,00 88 10.150,39 756 126,11 SIM 9.795.115,3 
855 4/4/207 42 3 24 53 43 31 0 0,00 59 16.966,53 3478 286,73 SIM 11.546.99,14 
856 7/4/207 11 40 41 47 15 42 0 0,00 37 25.678,52 2924 323,71 SIM 13.29.593,4 
857 11/4/207 17 59 49 2 3 50 0 0,00 71 17.126,48 4732 256,00 SIM 15.337.557,86 
858 14/4/207 31 37 54 23 4 18 2 8.889.537,74 185 7.541,37 8821 157,56 NÃO 0,00 
859 18/4/207 46 47 12 57 34 9 0 0,00 35 18.296,99 3275 194,80 SIM 7.624.12,41 
860 23/4/207 22 8 17 42 44 2 0 0,00 111 8.62,66 6853 138,82 SIM 9.295.79,41 
861 25/4/207 42 40 60 59 47 39 1 10.840.760,96 34 25.977,84 2296 383,23 NÃO 0,00 
862 28/4/207 19 35 12 2 11 8 1 1.152.211,30 99 6.650,57 5632 116,46 NÃO 0,00 
863 2/5/207 32 53 50 57 15 24 0 0,00 25 18.975,51 1454 325,4 SIM 830.178,33 
864 5/5/207 31 11 33 42 57 8 0 0,00 47 16.53,56 2926 256,90 SIM 6.87.400,00 
865 9/5/207 27 23 41 51 26 53 0 0,00 28 31.424,15 2694 325,36 SIM 8.347.183,58 
866 12/5/207 36 48 27 40 5 46 0 0,00 46 23.174,32 374 286,71 SIM 10.212.715,83 
867 16/5/207 54 26 28 19 44 10 0 0,00 51 20.699,48 4381 240,6 SIM 12.60.144,51 
868 19/5/207 57 51 21 22 25 40 0 0,00 37 32.369,99 3453 345,54 SIM 14.156.11,29 
869 23/5/207 29 42 50 51 49 27 1 16.192.436,64 57 20.414,39 3912 296,32 NÃO 0,00 
870 26/5/207 52 8 43 34 40 21 0 0,00 26 34.488,20 2923 35,61 SIM 8.272.810,82 
871 30/5/207 17 5 58 1 47 10 0 0,00 80 12.453,39 6225 159,45 SIM 10.16.284,93 
872 2/6/207 18 55 58 43 31 5 0 0,00 81 14.747,74 4636 256,70 SIM 12.16.777,43 
873 6/6/207 57 59 4 34 19 30 0 0,00 70 17.932,61 551 247,59 SIM 14.33.522,62 
874 9/6/207 59 20 52 42 44 10 0 0,00 32 39.615,1 324 417,62 SIM 23.535.80,88 
875 13/6/207 53 18 36 58 24 20 1 26.631.943,24 153 11.566,24 8240 213,95 NÃO 0,00 
876 16/6/207 4 12 41 45 60 8 0 0,00 30 29.219,33 3847 227,00 SIM 1.534.14,85 
877 20/6/207 13 15 20 31 28 36 0 0,00 69 14.440,64 4817 26,7 SIM 3.277.722,23 
878 23/6/207 37 12 43 38 11 54 0 0,00 33 29.970,93 372 266,16 SIM 5.08.543,30 
879 27/6/207 29 10 46 35 42 28 0 0,00 45 21.995,8 3852 255,98 SIM 13.767.454,24 
880 30/6/207 51 30 49 25 37 46 0 0,00 46 28.154,3 4314 299,7 SIM 16.33.853,70 
881 4/7/207 43 24 4 51 18 56 0 0,00 99 14.336,70 6959 23,19 SIM 18.517.686,8 
882 7/7/207 42 45 44 60 41 17 1 21.492.982,24 81 20.989,74 6642 255,00 NÃO 0,00 
883 11/7/207 21 37 60 32 52 53 0 0,00 13 51.899,42 1494 449,89 SIM 1.180.711,67 
884 14/7/207 22 11 2 14 39 12 0 0,00 56 15.846,82 4752 186,5 SIM 10.24.577,30 
885 18/7/207 13 4 31 33 47 51 0 0,00 114 9.254,88 653 161,63 SIM 12.50.926,17 
886 21/7/207 50 55 37 33 59 17 0 0,00 100 12.422,33 5764 214,70 SIM 14.224.834,41 
887 25/7/207 44 12 32 21 1 34 0 0,00 79 15.886,22 4885 255,94 SIM 16.421.14,66 
888 28/7/207 50 24 40 54 52 60 1 18.947.548,96 50 28.873,65 3672 391,67 NÃO 0,00 
889 1/8/207 34 54 20 39 60 24 0 0,00 21 30.883,9 1733 372,81 SIM 8.190.614,89 
890 4/8/207 9 21 22 7 17 54 0 0,00 15 10.715,7 6983 160,51 SIM 10.159.58,19 
891 8/8/207 15 22 19 35 34 16 0 0,00 92 13.781,11 6400 197,35 SIM 12.378.266,60 
892 11/8/207 1 49 52 42 19 44 0 0,00 54 28.78,8 4782 315,87 SIM 15.31.644,65 
893 15/8/207 56 53 51 26 18 3 0 0,00 15 14.747,51 6595 233,91 SIM 17.741.499,79 
894 18/8/207 37 24 44 28 20 41 0 0,00 59 31.52,25 6653 278,31 SIM 30.139.459,45 
895 22/8/207 2 55 41 43 57 58 0 0,00 82 29.366,19 6473 370,60 SIM 34.353.56,77 
896 25/8/207 31 11 41 35 22 5 0 0,00 98 31.02,68 1769 281,6 SIM 39.670.465,9 
897 29/8/207 21 57 46 22 7 43 0 0,00 212 18.19,32 16644 228,65 SIM 46.355.633,71 
898 1/9/207 4 8 3 54 45 30 2 27.782.53,83 596 8.828,84 27120 193,29 NÃO 0,00 
899 5/9/207 58 18 54 36 53 20 0 0,00 948 951,79 3559 252,57 SIM 20.867.361,42 
900 8/9/207 4 21 59 18 38 34 1 23.334.752,92 89 15.842,00 6184 227,14 NÃO 0,00 
901 12/9/207 32 34 16 13 56 33 0 0,00 100 9.381,13 5617 166,39 SIM 1.641.698,41 
902 15/9/207 52 55 23 50 58 18 0 0,00 68 17.237,57 3490 334,59 SIM 3.692.969,85 
903 19/9/207 17 5 32 55 20 41 0 0,00 62 19.346,40 4688 254,89 SIM 5.792.54,30 
904 22/9/207 32 44 59 53 48 51 0 0,00 72 18.874,8 407 337,86 SIM 15.768.458,93 
905 26/9/207 4 15 57 55 2 16 1 18.45.53,18 89 16.931,26 6223 241,23 NÃO 0,00 
906 29/9/207 35 39 29 24 7 14 1 1.583.115,71 49 18.461,99 4239 212,60 NÃO 0,00 
907 3/10/207 9 41 53 37 36 51 0 0,00 25 32.80,72 2244 356,5 SIM 1.43.531,54 
908 6/10/207 19 1 9 25 50 52 0 0,00 120 8.660,71 625 166,86 SIM 3.222.281,26 
909 10/10/207 42 17 26 38 28 22 0 0,00 48 21.31,42 4586 222,11 SIM 11.65.715,34 
910 13/10/207 53 29 36 3 15 27 0 0,00 17 10.618,33 6512 173,81 SIM 13.593.997,94 
911 17/10/207 49 46 1 29 6 28 1 15.981.772,55 63 21.657,82 5376 252,84 NÃO 0,00 
912 20/10/207 26 21 54 4 19 29 0 0,00 62 13.412,10 4474 185,16 SIM 1.455.212,96 
913 24/10/207 30 14 59 36 46 38 1 2.915.782,13 27 30.911,51 2683 39,90 NÃO 0,00 
914 27/10/207 33 51 9 23 45 12 0 0,00 64 12.46,6 4731 167,20 SIM 7.590.419,67 
915 31/10/207 20 28 49 26 17 48 1 9.448.268,16 44 24.127,91 3580 295,43 NÃO 0,00 
916 3/11/207 33 37 5 38 28 36 0 0,00 144 4.648,18 3220 27,9 SIM 1.171.341,29 
917 7/11/207 23 59 25 47 46 30 0 0,00 61 14.133,49 3491 246,3 SIM 2.680.91,97 
918 10/11/207 38 44 8 4 12 52 0 0,00 135 7.591,36 6883 148,33 SIM 4.473.550,36 
919 14/11/207 43 25 41 60 31 3 0 0,00 37 28.441,93 355 299,10 SIM 12.153.32,42 
920 17/11/207 17 57 55 24 52 5 0 0,00 94 12.657,72 6584 180,4 SIM 14.235.226,59 
921 21/11/207 35 41 1 57 9 48 0 0,00 62 21.395,20 4365 32,75 SIM 16.556.65,48 
922 24/11/207 41 49 45 19 13 12 0 0,00 136 11.821,4 8735 183,36 SIM 19.370.14,34 
923 28/11/207 53 39 2 50 57 15 0 0,00 90 19.370,44 6122 283,68 SIM 22.420.857,89 
924 1/12/207 51 27 60 21 20 2 0 0,00 90 22.81,88 7236 273,61 SIM 35.717.127,33 
925 5/12/207 52 37 46 8 22 36 1 40.628.613,64 132 21.261,85 1214 273,74 NÃO 0,00 
926 8/12/207 40 41 34 33 21 59 0 0,00 24 35.599,69 219 421,58 SIM 1.495.186,73 
927 12/12/207 36 26 31 23 19 33 0 0,00 45 20.517,91 3499 262,88 SIM 3.110.971,95 
928 15/12/207 32 10 49 60 4 33 1 5.77.29,42 43 26.127,1 4246 263,59 NÃO 0,00 
929 19/12/207 16 49 35 39 57 27 0 0,00 42 18.94,16 395 244,61 SIM 9.414.519,5 
930 22/12/207 46 20 55 37 28 49 0 0,00 73 18.344,90 5481 243,81 SIM 11.758.79,40 
931 31/12/207 17 34 7 36 39 19 0 0,00 245 9.393,97 14573 157,93 SIM 15.785.742,6 
932 5/1/208 2 21 42 53 36 17 1 19.685.655,1 196 11.370,1 1515 211,94 NÃO 0,00 
933 9/1/208 25 39 45 51 8 14 0 0,00 66 11.712,22 338 233,68 SIM 1.352.761,6 
934 12/1/208 25 48 44 3 21 1 0 0,00 55 17.289,83 511 186,42 SIM 12.58.366,8 
935 16/1/208 7 45 18 13 29 31 0 0,00 243 5.396,61 1898 120,33 SIM 14.83.274,65 
936 19/1/208 5 33 14 29 44 22 2 8.699.137,89 144 10.297,63 9280 159,79 NÃO 0,00 
937 23/1/208 22 41 2 30 21 52 0 0,00 20 36.413,65 1763 413,9 SIM 1.274.477,80 
938 26/1/208 35 15 27 57 50 59 0 0,00 39 23.46,66 3235 282,18 SIM 2.871.982,33 
939 30/1/208 6 23 19 50 37 49 0 0,00 13 9.216,78 5670 167,43 SIM 11.264.174,77 
940 2/2/208 25 33 51 31 5 37 0 0,00 19 11.635,12 6936 182,85 SIM 13.483.573,63 
941 6/2/208 11 15 10 27 60 53 0 0,00 37 20.26,51 346 219,51 SIM 14.791.945,7 
942 9/2/208 5 52 18 8 59 42 0 0,00 73 20.890,58 5310 287,20 SIM 17.460.716,85 
943 13/2/208 47 41 58 3 23 12 1 20.498.366,41 116 14.963,79 7783 223,2 NÃO 0,00 
944 16/2/208 16 58 43 37 52 59 0 0,00 21 38.432,28 2669 32,39 SIM 9.17.85,00 
945 20/2/208 44 8 59 54 4 27 0 0,00 118 9.974,16 6615 177,92 SIM 11.76.748,93 
946 23/2/208 59 1 47 5 52 12 0 0,00 92 15.29,80 6373 216,97 SIM 13.496.546,46 
947 27/2/208 33 11 3 58 14 5 1 16.35.424,27 95 15.271,45 8955 162,1 NÃO 0,00 
948 1/3/208 22 44 41 46 52 54 0 0,00 30 27.177,27 2141 380,81 SIM 1.426.86,41 
949 5/3/208 44 1 51 52 41 23 0 0,00 28 31.580,90 2679 330,8 SIM 10.111.849,1 
950 8/3/208 48 59 49 41 42 23 0 0,00 43 30.111,9 3953 327,54 SIM 12.377.78,64 
951 12/3/208 49 24 39 34 55 14 0 0,00 41 33.969,92 3894 357,67 SIM 14.815.50,33 
952 15/3/208 54 11 27 18 2 30 0 0,00 132 11.947,28 7126 221,31 SIM 17.574.870,51 
953 19/3/208 55 48 1 39 16 42 1 20.59.951,37 71 23.622,38 555 331,79 NÃO 0,00 
954 22/3/208 8 5 24 18 57 33 0 0,00 81 7.848,36 5213 121,95 SIM 9.334.367,34 
955 26/3/208 35 5 32 21 33 12 2 5.678.963,92 90 12.848,1 6180 187,11 NÃO 0,00 
956 29/3/208 46 51 47 59 54 57 1 1.385.19,95 38 20.828,72 2468 320,70 NÃO 0,00 
957 2/4/208 50 32 25 34 57 24 0 0,00 24 30.247,28 2210 328,48 SIM 1.270.385,50 
958 5/4/208 13 22 7 33 51 48 3 978.25,14 269 3.535,28 8718 19,9 NÃO 0,00 
959 9/4/208 57 3 5 11 33 39 0 0,00 138 5.376,40 7139 13,93 SIM 6.756.745,86 
960 12/4/208 34 6 33 18 53 19 0 0,00 73 15.299,6 4852 230,18 SIM 8.711.21,48 
961 16/4/208 16 53 2 4 21 36 0 0,00 81 15.330,15 7193 172,63 SIM 10.884.250,8 
962 19/4/208 2 48 49 40 55 11 1 13.272.58,39 41 33.285,83 3554 384,00 NÃO 0,00 
963 23/4/208 37 17 15 50 48 59 0 0,00 30 20.269,81 2644 229,99 SIM 1.64.165,4 
964 26/4/208 42 13 33 20 8 26 0 0,00 125 7.97,23 6128 144,77 SIM 9.139.860,10 
965 30/4/208 36 39 57 58 5 30 0 0,00 61 18.625,79 3934 288,81 SIM 11.128.162,61 
966 3/5/208 1 58 26 28 4 41 0 0,00 55 21.26,52 4397 265,26 SIM 13.169.290,24 
967 7/5/208 18 14 57 30 13 5 0 0,00 91 15.768,6 7445 192,74 SIM 15.680.353,75 
968 10/5/208 30 4 13 60 51 1 0 0,00 124 13.38,65 9572 172,41 SIM 18.568.330,65 
969 14/5/208 56 35 50 13 41 25 1 21.823.614,22 82 22.684,90 6898 269,67 NÃO 0,00 
970 17/5/208 57 34 5 54 28 21 3 3.712.467,76 18 10.992,48 6144 193,23 NÃO 0,00 
971 21/5/208 4 14 33 44 11 45 0 0,00 66 11.58,75 4390 173,2 SIM 1.329.260,36 
972 24/5/208 33 18 15 56 31 34 3 912.435,75 723 1.112,86 482 197,11 NÃO 0,00 
973 28/5/208 53 36 8 30 1 47 0 0,00 36 19.679,25 2274 311,55 SIM 1.239.792,94 
974 31/5/208 45 20 38 31 16 12 0 0,00 93 10.37,56 4213 227,53 SIM 8.440.373,33 
975 4/6/208 33 9 37 40 41 30 0 0,00 55 25.191,37 4524 36,26 SIM 10.865.43,23 
976 7/6/208 28 53 38 23 14 25 0 0,00 74 21.152,88 6395 244,77 SIM 13.64.340,57 
977 11/6/208 17 3 9 32 7 5 1 16.584.111,63 452 3.767,10 24482 69,55 NÃO 0,00 
978 14/6/208 42 58 12 18 16 27 0 0,00 69 13.220,26 4616 197,61 SIM 1.596.346,74 
979 18/6/208 28 3 39 51 31 15 0 0,00 42 23.261,38 3714 263,5 SIM 11.484.484,11 
980 21/6/208 35 17 59 15 36 29 0 0,00 88 16.54,57 6837 26,64 SIM 13.956.888,71 
981 25/6/208 8 41 53 1 58 34 0 0,00 74 20.200,29 4974 300,53 SIM 16.572.825,97 
982 28/6/208 12 24 8 40 43 49 0 0,00 125 14.12,62 8510 27,15 SIM 19.657.775,24 
983 2/7/208 38 45 40 16 32 22 1 24.38.180,79 244 10.258,56 9930 252,7 NÃO 0,00 
984 5/7/208 46 20 4 43 47 10 0 0,00 38 26.313,69 2643 378,33 SIM 11.966.686,94 
985 9/7/208 4 56 18 59 46 16 0 0,00 55 26.215,60 4846 297,54 SIM 14.489.938,27 
986 12/07/2008 6 15 19 24 31 32 0 0,00 120 15.043,78 7953 226,99 SIM 17.649.132,28 
987 16/07/2008 13 27 31 34 47 58 0 0,00 193 10.707,60 10923 189,19 SIM 21.265.623,87 
988 19/07/2008 8 17 46 48 56 60 0 0,00 193 10.707,60 10923 189,19 SIM 21.265.623,87 
989 23/07/2008 38 21 27	2 29 32 0 0,00 193 10.707,60 10923 189,19 SIM 21.265.623,87 
990 26/07/2008 29 18 2	15 10 39 0 0,00 193 10.707,60 10923 189,19 SIM 21.265.623,87 
991 30/07/2008 08 38 60	41 15 09 0 0,00 193 10.707,60 10923 189,19 SIM 21.265.623,87 
992 02/08/2008 06 08 04	1 25 28 0 0,00 193 10.707,60 10923 189,19 SIM 21.265.623,87 
993 06/08/2008 26 25 42	60 05 24 0 0,00 193 10.707,60 10923 189,19 SIM 21.265.623,87 
994 09/08/2008 44 40 58	29 3 20 0 0,00 193 10.707,60 10923 189,19 SIM 21.265.623,87 
995 13/08/2008 04 54 55	36 16 31 0 0,00 193 10.707,60 10923 189,19 SIM 21.265.623,87 
996 16/08/2008 21 23 20	07 29 15 0 0,00 193 10.707,60 10923 189,19 SIM 21.265.623,87 
997 20/08/2008 18 53 55	32 09 17 0 0,00 193 10.707,60 10923 189,19 SIM 21.265.623,87 
998 23/08/2008 28 21 04	32 3 22 0 0,00 193 10.707,60 10923 189,19 SIM 21.265.623,87 
999 27/08/2008 44 36 55	58 18 24 0 0,00 193 10.707,60 10923 189,19 SIM 21.265.623,87 
1000 30/08/2008 49 58 53 39 38 29 0 0,00 193 10.707,60 10923 189,19 SIM 21.265.623,87 
1001 03/09/2008	15 37 27 12 60 51 0 0,00 193 10.707,60 10923 189,19 SIM 21.265.623,87 
1002 06/09/2008	3 31 07 25 40 58 0 0,00 193 10.707,60 10923 189,19 SIM 21.265.623,87 
1003 10/09/2008	10 27 23 05 16 26 0 0,00 193 10.707,60 10923 189,19 SIM 21.265.623,87 
1004 13/09/2008	45 47 29 40 44 43 0 0,00 193 10.707,60 10923 189,19 SIM 21.265.623,87 
1005 17/09/2008	06 41 04 37 12 42 0 0,00 193 10.707,60 10923 189,19 SIM 21.265.623,87 
1006 20/09/2008	48 17 04 33 55 2 0 0,00 193 10.707,60 10923 189,19 SIM 21.265.623,87 
1007 24/09/2008	49 27 04 36 52 37 0 0,00 193 10.707,60 10923 189,19 SIM 21.265.623,87 
1008 27/09/2008	07 15 42 48 34 13 0 0,00 193 10.707,60 10923 189,19 SIM 21.265.623,87 
1009 01/10/2008	34 12 1 06 58 29 0 0,00 193 10.707,60 10923 189,19 SIM 21.265.623,87 
1010 04/10/2008	2 46 3 37 13 54 0 0,00 193 10.707,60 10923 189,19 SIM 21.265.623,87 
1011 08/10/2008	30 2 52 21 11 35 0 0,00 193 10.707,60 10923 189,19 SIM 21.265.623,87 
1012 11/10/2008	47 19 58 14 40 55 0 0,00 193 10.707,60 10923 189,19 SIM 21.265.623,87 
1013 15/10/2008	07 09 20 41 12 19 0 0,00 193 10.707,60 10923 189,19 SIM 21.265.623,87 
1014 18/10/2008	60 57 09 25 08 41 0 0,00 193 10.707,60 10923 189,19 SIM 21.265.623,87 
1015 22/10/2008	49 08 28 3 26 17 0 0,00 193 10.707,60 10923 189,19 SIM 21.265.623,87 
1016 25/10/2008	11 09 25 05 60 20 0 0,00 193 10.707,60 10923 189,19 SIM 21.265.623,87 
1017 29/10/2008	31 51 19 06 56 34 0 0,00 193 10.707,60 10923 189,19 SIM 21.265.623,87
1018 01/11/2008	55 51 58 09 44 24 0 0,00 193 10.707,60 10923 189,19 SIM 21.265.623,87 
1019 05/11/2008	29 47 04 13 46 23 0 0,00 193 10.707,60 10923 189,19 SIM 21.265.623,87 
1020 08/11/2008	19 32 52 1 2 39 0 0,00 193 10.707,60 10923 189,19 SIM 21.265.623,87 
1021 12/11/2008	42 55 51 43 2 33 0 0,00 193 10.707,60 10923 189,19 SIM 21.265.623,87 
1022 16/11/2008	31 21 40 39 56 05 0 0,00 193 10.707,60 10923 189,19 SIM 21.265.623,87 
1023 19/11/2008	45 40 2 07 18 08 0 0,00 193 10.707,60 10923 189,19 SIM 21.265.623,87 
1024 22/11/2008	28 53 18 39 22 29 0 0,00 193 10.707,60 10923 189,19 SIM 21.265.623,87 
1025 26/11/2008	52 40 29 27 28 10 0 0,00 193 10.707,60 10923 189,19 SIM 21.265.623,87 
1026 29/11/2008	10 33 51 53 06 17 0 0,00 193 10.707,60 10923 189,19 SIM 21.265.623,87 
1027 03/12/2008	20 18 47 44 60 33 0 0,00 193 10.707,60 10923 189,19 SIM 21.265.623,87 
1028 06/12/2008	54 26 34 51 20 52 0 0,00 193 10.707,60 10923 189,19 SIM 21.265.623,87 
1029 10/12/2008	17 05 16 24 20 32 0 0,00 193 10.707,60 10923 189,19 SIM 21.265.623,87 
1030 13/12/2008	57 08 54 1 23 37 0 0,00 193 10.707,60 10923 189,19 SIM 21.265.623,87 
1031 17/12/2008	49 33 24 40 46 43 0 0,00 193 10.707,60 10923 189,19 SIM 21.265.623,87 
1032 20/12/2008	57 43 15 29 26 16 0 0,00 193 10.707,60 10923 189,19 SIM 21.265.623,87 
1033 24/12/2008	39 06 05 33 54 17 0 0,00 193 10.707,60 10923 189,19 SIM 21.265.623,87 
1034 27/12/2008	20 42 1 3 49 18 0 0,00 193 10.707,60 10923 189,19 SIM 21.265.623,87 
1035 31/12/2008	51 60 1 11 59 26 0 0,00 193 10.707,60 10923 189,19 SIM 21.265.623,87 
1036 03/01/2009	27 39 36 10 41 52 0 0,00 193 10.707,60 10923 189,19 SIM 21.265.623,87 
1037 07/01/2009	56 36 04 44 46 53 0 0,00 193 10.707,60 10923 189,19 SIM 21.265.623,87 
1038 10/01/2009	51 07 06 28 35 43 0 0,00 193 10.707,60 10923 189,19 SIM 21.265.623,87 
1039 14/01/2009	52 2 20 27 36 24 0 0,00 193 10.707,60 10923 189,19 SIM 21.265.623,87 
1040 17/01/2009	44 1 28 55 06 39 0 0,00 193 10.707,60 10923 189,19 SIM 21.265.623,87 
1041 21/01/2009	12 10 36 54 44 57 0 0,00 193 10.707,60 10923 189,19 SIM 21.265.623,87 
1042 24/01/2009	25 46 51 18 13 30 0 0,00 193 10.707,60 10923 189,19 SIM 21.265.623,87 
1043 28/01/2009	25 14 51 48 60 21 0 0,00 193 10.707,60 10923 189,19 SIM 21.265.623,87 
1044 31/01/2009	58 10 39 11 13 35 0 0,00 193 10.707,60 10923 189,19 SIM 21.265.623,87 
1045 04/02/2009	31 06 05 17 50 1 0 0,00 193 10.707,60 10923 189,19 SIM 21.265.623,87 
1046 07/02/2009	57 40 28 42 54 55 0 0,00 193 10.707,60 10923 189,19 SIM 21.265.623,87 
1047 11/02/2009	1 2 10 48 14 08 0 0,00 193 10.707,60 10923 189,19 SIM 21.265.623,87 
1048 14/02/2009	57 3 38 21 28 16 0 0,00 193 10.707,60 10923 189,19 SIM 21.265.623,87 
1049 18/02/2009	34 17 52 05 2 29 0 0,00 193 10.707,60 10923 189,19 SIM 21.265.623,87 
1050 21/02/2009	60 14 45 24 33 26 0 0,00 193 10.707,60 10923 189,19 SIM 21.265.623,87 
1051 25/02/2009	57 11 07 43 10 13 0 0,00 193 10.707,60 10923 189,19 SIM 21.265.623,87 
1052 28/02/2009	08 11 16 15 57 52 0 0,00 193 10.707,60 10923 189,19 SIM 21.265.623,87 
1053 04/03/2009	15 42 27 53 34 49 0 0,00 193 10.707,60 10923 189,19 SIM 21.265.623,87 
1054 07/03/2009	41 27 13 60 14 18 0 0,00 193 10.707,60 10923 189,19 SIM 21.265.623,87 
1055 11/03/2009	27 32 15 12 20 16 0 0,00 193 10.707,60 10923 189,19 SIM 21.265.623,87 
1056 14/03/2009	38 08 50 53 59 06 0 0,00 193 10.707,60 10923 189,19 SIM 21.265.623,87 
1057 18/03/2009	15 49 59 04 3 2 0 0,00 193 10.707,60 10923 189,19 SIM 21.265.623,87 
1058 21/03/2009	20 51 57 45 24 18 0 0,00 193 10.707,60 10923 189,19 SIM 21.265.623,87 
1059 25/03/2009	37 1 14 45 12 16 0 0,00 193 10.707,60 10923 189,19 SIM 21.265.623,87 
1060 28/03/2009	1 41 3 18 16 42 0 0,00 193 10.707,60 10923 189,19 SIM 21.265.623,87 
1061 01/04/2009	09 41 56 23 21 30 0 0,00 193 10.707,60 10923 189,19 SIM 21.265.623,87 
1062 04/04/2009	55 08 2 37 23 33 0 0,00 193 10.707,60 10923 189,19 SIM 21.265.623,87 
1063 08/04/2009	49 1 22 47 44 50 0 0,00 193 10.707,60 10923 189,19 SIM 21.265.623,87 
1064 11/04/2009	28 04 19 16 49 29
1065 15/04/2009	07 57 19 43 39 30
1066 18/04/2009	10 43 49 32 25 06
1067 22/04/2009	14 10 56 25 04 28
1068 25/04/2009	44 48 25 57 27 47
1069 29/04/2009	28 17 49 53 45 09
1070 02/05/2009	41 53 08 23 05 16
1071 06/05/2009	05 37 43 07 53 54
1072 09/05/2009	19 18 54 47 43 09
1073 13/05/2009	44 36 32 08 34 25
1074 16/05/2009	3 47 10 50 29 23
1075 20/05/2009	53 39 16 21 10 12
1076 23/05/2009	32 33 10 19 42 04
1077 27/05/2009	11 06 18 05 37 09
1078 30/05/2009	3 06 45 34 41 43
1079 03/06/2009	36 12 37 24 05 28
1080 06/06/2009	56 11 20 41 34 18
1081 10/06/2009	09 56 29 52 16 24
1082 13/06/2009	04 40 50 17 55 38
1083 17/06/2009	20 28 42 23 10 43
1084 20/06/2009	20 05 29 59 40 33
1085 24/06/2009	39 50 21 12 40 55
1086 27/06/2009	45 04 06 23 10 2
1087 1/07/2009	36 46 28 32 3 20
1088 04/07/2009	24 42 35 31 06 57
1089 08/07/2009	37 48 32 2 18 20
1090 11/07/2009	24 09 40 20 36 42
1091 15/07/2009	27 56 17 24 49 23
1092 18/07/2009	40 30 1 09 33 34
1093 22/07/2009	27 49 38 23 41 19
1094 25/07/2009	10 09 48 36 41 21
1095 29/07/2009	27 23 36 10 21 16
1096 01/08/2009	3 41 52 14 13 16
1097 05/08/2009	21 48 33 1 56 17
1098 08/08/2009	30 20 21 11 50 52
1099 12/08/2009	55 44 38 35 14 31
1100 15/08/2009	41 33 17 18 07 42
1101 19/08/2009	07 12 57 06 24 10
1102 22/08/2009	46 23 09 35 11 51
1103 26/08/2009	41 19 10 28 55 56
1104 29/08/2009	3 35 58 49 2 06
1105 02/09/2009	43 1 50 28 57 15
1106 05/09/2009	04 15 50 60 43 47
1107 09/09/2009	36 20 54 09 3 53
1108 12/09/2009	60 44 07 39 43 09
1109 16/09/2009	11 52 14 06 29 08