1	11/3/1996	41	5	4	52	30	33	0	0	0	17	39.158,92	2016	330,21	SIM	1.714.650,23	0	0
2	18/3/1996	9	39	37	49	43	41	0	1	2.307.162,23	65	14.424,02	4488	208,91	NÃO	0	0	0
3	25/3/1996	36	30	10	11	29	47	0	2	391.192,51	62	10.515,93	4261	153,01	NÃO	0	0	0
4	1/4/1996	6	59	42	27	1	5	0	0	0	39	15.322,24	3311	180,48	SIM	717.080,75	0	0
5	8/4/1996	1	19	46	6	16	2	0	0	0	98	5.318,10	5399	96,53	SIM	1.342.488,85	0	0
6	15/4/1996	19	40	7	13	22	47	0	0	0	109	7.214,66	7147	110,03	SIM	2.286.166,33	0	0
7	22/4/1996	56	38	21	20	3	5	0	0	0	100	8.746,05	5736	152,48	SIM	3.335.692,28	0	0
8	29/4/1996	53	17	38	4	47	37	0	0	0	60	16.084,11	5262	183,4	SIM	4.493.748,19	0	0
9	6/5/1996	55	43	56	54	8	60	0	0	0	17	60.043,79	2175	469,31	SIM	5.718.641,49	0	0
10	13/5/1996	25	4	18	57	21	38	0	0	0	251	6.638,45	12590	132,35	SIM	13.334.769,81	0	0
11	20/5/1996	25	15	58	37	59	38	0	1	15.591.365,07	148	12.706,05	9442	199,16	NÃO	0	0	0
12	27/5/1996	20	27	43	16	19	4	0	0	0	108	6.791,17	6454	113,64	SIM	880.136,24	0	0
13	3/6/1996	47	32	50	54	18	56	0	0	0	43	20.543,98	2934	301,09	SIM	1.940.205,35	0	0
14	10/6/1996	16	2	27	47	23	53	0	0	0	85	10.458,19	5323	167	SIM	3.006.941,32	0	0
15	17/6/1996	60	12	33	52	35	51	0	0	0	57	17.919,89	3931	259,84	SIM	4.232.661,35	0	0
16	24/6/1996	60	58	49	32	20	34	0	0	0	31	33.307,13	3250	317,7	SIM	5.471.686,62	0	0
17	1/7/1996	10	20	6	19	51	13	0	1	6.789.869,08	144	7.628,37	9376	117,16	NÃO	0	0	0
18	8/7/1996	37	36	56	27	42	23	0	0	0	52	13.763,52	4484	159,61	SIM	858.843,48	0	0
19	15/7/1996	5	25	12	10	60	24	0	0	0	159	5.380,14	9250	92,48	SIM	10.506.266,73	0	0
20	22/7/1996	25	28	30	33	51	11	0	0	0	72	15.486,97	5728	194,67	SIM	11.844.340,83	0	0
21	29/7/1996	49	46	6	53	33	36	0	0	0	63	17.694,19	5030	221,62	SIM	13.182.021,44	0	0
22	5/8/1996	9	38	56	1	31	46	0	0	0	47	27.212,90	4865	262,9	SIM	14.716.828,84	0	0
23	12/8/1996	17	52	51	59	39	37	0	0	0	74	20.198,46	4897	305,23	SIM	16.510.452,00	0	0
24	19/8/1996	1	8	14	28	33	43	0	1	18.661.679,61	227	7.897,31	13486	132,93	NÃO	0	0	0
25	25/8/1996	56	50	55	54	24	43	0	0	0	28	26.338,50	2741	269,06	SIM	884.973,50	0	0
26	1/9/1996	50	53	57	10	58	22	0	0	0	16	52.473,74	1823	460,55	SIM	1.892.469,30	0	0
27	8/9/1996	44	33	13	51	17	20	0	0	0	99	9.306,24	6466	142,49	SIM	2.998.050,68	0	0
28	15/9/1996	60	6	22	3	24	54	0	0	0	50	19.749,22	4895	201,73	SIM	4.183.003,48	0	0
29	22/9/1996	14	56	58	8	43	3	0	1	5.401.793,60	44	23.083,15	5248	193,53	NÃO	0	0	0
30	29/9/1996	38	50	7	29	15	14	0	0	0	80	11.347,74	5885	154,26	SIM	10.127.520,80	0	0
31	6/10/1996	56	19	28	48	17	45	0	0	0	103	8.793,04	5680	159,45	SIM	11.214.340,46	0	0
32	13/10/1996	43	33	14	36	5	44	0	0	0	96	11.430,91	6876	159,6	SIM	12.531.181,83	0	0
33	20/10/1996	5	33	49	17	42	39	0	1	13.997.410,74	128	9.545,76	8722	140,09	NÃO	0	0	0
34	27/10/1996	15	13	57	53	40	17	0	0	0	51	13.604,06	2627	264,11	SIM	832.568,20	0	0
35	3/11/1996	21	57	16	23	54	4	0	0	0	39	20.051,18	3576	218,68	SIM	1.770.963,49	0	0
36	10/11/1996	13	3	51	17	29	25	0	0	0	143	6.238,12	8548	104,36	SIM	2.841.425,78	0	0
37	17/11/1996	22	6	7	52	38	60	0	0	0	47	16.848,61	3695	214,32	SIM	3.791.687,26	0	0
38	24/11/1996	55	42	10	43	45	54	0	0	0	24	38.863,10	1999	466,59	SIM	4.910.944,53	0	0
39	1/12/1996	16	37	45	52	56	12	0	0	0	73	13.459,05	4444	221,09	SIM	13.456.111,33	0	0
40	8/12/1996	3	12	46	5	47	8	0	0	0	189	7.789,93	12117	121,51	SIM	15.222.867,04	0	0
41	15/12/1996	38	26	35	39	12	47	0	1	17.019.238,50	148	10.114,70	10182	147,03	NÃO	0	0	0
42	22/12/1996	24	36	19	33	7	11	0	0	0	201	3.684,64	9580	77,31	SIM	888.735,02	0	0
43	29/12/1996	2	58	25	6	26	17	0	0	0	75	9.738,03	5070	144,06	SIM	1.765.157,22	0	0
44	5/1/1997	47	38	18	14	29	44	0	0	0	103	7.099,32	7742	94,45	SIM	2.642.633,14	0	0
45	12/1/1997	30	7	37	55	44	53	0	0	0	33	27.201,47	3004	298,82	SIM	3.719.811,46	0	0
46	19/1/1997	32	46	1	60	24	23	0	0	0	91	9.982,42	6263	145,04	SIM	4.809.891,56	0	0
47	26/1/1997	35	17	3	48	25	56	0	0	0	210	4.458,44	10873	85,94	SIM	5.933.418,51	0	0
48	2/2/1997	47	5	34	28	2	50	0	0	0	132	7.482,95	7454	132,25	SIM	7.118.717,38	0	0
49	9/2/1997	33	7	43	35	13	55	0	1	8.405.156,76	155	6.916,34	9830	108,85	NÃO	0	0	0
50	16/2/1997	57	44	21	16	58	6	0	0	0	31	25.241,25	2800	278,91	SIM	8.917.830,39	0	0
51	23/2/1997	23	24	42	25	17	47	0	0	0	143	7.231,47	9361	110,25	SIM	10.158.749,73	0	0
52	2/3/1997	58	15	59	30	38	46	0	0	0	77	15.544,23	6442	185,43	SIM	11.595.036,71	0	0
53	9/3/1997	42	13	3	46	38	16	0	0	0	210	6.337,79	10941	121,41	SIM	13.192.159,46	0	0
54	16/3/1997	5	21	9	56	18	36	0	2	7.469.653,99	207	7.033,61	13067	111,2	NÃO	0	0	0
55	23/3/1997	29	2	14	38	23	52	0	0	0	66	10.817,63	3840	185,56	SIM	856.756,39	0	0
56	30/3/1997	51	35	59	7	20	2	0	0	0	48	12.142,20	2599	223,81	SIM	1.556.147,46	0	0
57	6/4/1997	27	17	16	34	7	59	0	0	0	79	10.699,10	6173	136,65	SIM	2.570.421,80	0	0
58	13/4/1997	30	49	27	37	12	44	0	1	3.631.304,91	65	13.601,07	5040	175,06	NÃO	0	0	0
59	20/4/1997	28	13	34	2	8	54	0	0	0	90	7.312,34	5351	122,75	SIM	789.733,42	0	0
60	27/4/1997	38	14	21	15	3	20	0	0	0	129	7.111,47	7914	115,69	SIM	9.478.249,26	0	0
61	4/5/1997	59	8	18	29	42	44	0	0	0	52	18.902,94	3866	253,76	SIM	10.657.792,45	0	0
62	11/5/1997	52	13	6	24	8	31	0	0	0	119	9.968,70	8613	137,46	SIM	12.081.323,45	0	0
63	18/5/1997	26	9	41	49	25	40	0	1	13.680.019,57	82	16.246,91	6359	209,1	NÃO	0	0	0
64	25/5/1997	8	54	50	60	23	12	0	0	0	29	23.309,96	2441	276,38	SIM	811.186,58	0	0
65	1/6/1997	20	1	5	32	25	34	0	0	0	61	11.542,37	4932	142,48	SIM	1.656.088,09	0	0
66	8/6/1997	15	26	12	33	48	13	0	0	0	102	8.054,25	7686	106,68	SIM	2.641.927,81	0	0
67	15/6/1997	47	14	27	52	17	12	0	0	0	83	10.617,25	5479	160,52	SIM	3.699.406,44	0	0
68	22/6/1997	53	13	3	1	12	59	0	0	0	49	18.496,73	4758	190,11	SIM	4.787.014,46	0	0
69	29/6/1997	56	58	34	53	25	45	0	0	0	55	17.271,48	3661	258,96	SIM	5.926.931,93	0	0
70	6/7/1997	40	17	23	43	27	58	0	0	0	95	12.899,52	6071	201,46	SIM	14.883.849,29	0	0
71	13/7/1997	53	16	45	43	33	27	0	0	0	115	12.451,74	7430	192,35	SIM	16.602.188,45	0	0
72	20/7/1997	19	48	43	1	34	44	0	0	0	85	19.676,33	7982	209,13	SIM	18.609.174,26	0	0
73	27/7/1997	57	25	45	28	51	26	0	1	21.026.575,40	95	21.205,27	8222	244,52	NÃO	0	0	0
74	3/8/1997	2	24	34	50	38	37	0	0	0	40	18.257,68	3321	219,48	SIM	876.368,71	0	0
75	10/8/1997	36	49	37	35	24	21	0	0	0	70	12.395,02	5032	172,09	SIM	1.917.550,02	0	0
76	17/8/1997	33	18	23	8	17	53	0	0	0	92	10.247,61	6399	147,04	SIM	3.048.886,14	0	0
77	24/8/1997	29	54	40	57	49	21	0	0	0	20	49.648,81	2635	376,09	SIM	4.240.457,60	0	0
78	31/8/1997	22	32	46	12	25	31	0	0	0	103	9.907,36	5984	170,19	SIM	5.465.006,39	0	0
79	7/9/1997	43	25	2	13	31	17	0	1	6.770.601,75	247	4.404,85	13375	81,18	NÃO	0	0	0
80	14/9/1997	51	40	37	23	48	28	0	0	0	43	26.443,00	4284	264,89	SIM	10.953.707,53	0	0
81	21/9/1997	47	41	10	60	54	23	0	0	0	62	19.453,15	4870	247,17	SIM	12.401.021,68	0	0
82	28/9/1997	51	36	53	29	18	15	0	1	13.877.826,02	77	15.982,73	5889	208,57	NÃO	0	0	0
83	5/10/1997	24	16	4	42	57	15	0	0	0	76	9.408,43	4756	150,04	SIM	858.048,93	0	0
84	12/10/1997	10	34	4	6	25	40	0	0	0	102	7.539,68	5546	138,4	SIM	1.780.905,80	0	0
85	19/10/1997	47	15	30	37	45	6	0	0	0	45	17.279,25	4312	179,96	SIM	2.713.984,86	0	0
86	26/10/1997	54	21	6	34	36	22	0	0	0	48	16.752,96	3752	213,9	SIM	3.678.955,17	0	0
87	2/11/1997	40	4	28	32	11	5	0	0	0	64	12.696,60	5195	156,11	SIM	4.654.053,86	0	0
88	9/11/1997	45	37	29	4	43	18	0	0	0	110	7.965,82	6805	128,51	SIM	5.705.540,99	0	0
89	16/11/1997	59	42	34	13	44	55	0	0	0	36	24.246,00	3847	226,45	SIM	6.752.968,26	0	0
90	23/11/1997	21	26	40	54	9	52	0	1	15.764.300,87	74	18.584,49	4763	288,17	NÃO	0	0	0
91	30/11/1997	60	4	10	35	39	2	0	0	0	68	9.588,80	3878	167,81	SIM	782.445,93	0	0
92	7/12/1997	5	23	51	3	1	24	0	0	0	75	9.792,64	5530	132,56	SIM	1.663.783,45	0	0
93	14/12/1997	22	53	31	28	2	36	0	0	0	61	12.369,31	3795	198,44	SIM	2.569.217,31	0	0
94	21/12/1997	28	51	55	18	52	8	0	0	0	25	31.457,49	2086	376,26	SIM	3.512.942,16	0	0
95	28/12/1997	46	60	6	40	50	45	0	0	0	22	30.807,89	2185	309,58	SIM	4.326.270,55	0	0
96	4/1/1998	4	42	58	26	7	40	0	1	5.218.562,47	62	11.993,17	3984	186,27	NÃO	0	0	0
97	11/1/1998	56	53	11	14	5	35	0	1	727.932,66	56	10.832,33	3441	175,94	NÃO	0	0	0
98	18/1/1998	43	33	14	31	35	13	0	0	0	89	6.508,88	4972	116,28	SIM	695.149,05	0	0
99	25/1/1998	30	33	24	11	46	60	0	0	0	46	14.037,92	3015	213,76	SIM	1.470.041,96	0	0
100	1/2/1998	46	48	30	14	29	51	0	0	0	56	15.930,48	3600	247,32	SIM	8.585.129,47	0	0
101	8/2/1998	39	1	37	31	29	18	0	0	0	52	20.589,41	4653	229,64	SIM	9.869.908,65	0	0
102	15/2/1998	44	42	37	56	19	20	0	1	11.336.626,88	73	16.743,36	6197	196,85	NÃO	0	0	0
103	22/2/1998	9	1	57	7	54	49	0	1	696.984,24	28	20.743,58	2632	220,24	NÃO	0	0	0
104	1/3/1998	13	1	38	21	52	4	0	0	0	37	14.006,33	2588	199,85	SIM	621.880,72	0	0
105	8/3/1998	3	13	31	43	46	49	0	0	0	55	11.824,08	4875	133,14	SIM	1.402.269,88	0	0
106	15/3/1998	24	16	38	5	39	35	0	0	0	94	7.678,27	5390	133,65	SIM	2.268.378,66	0	0
107	22/3/1998	2	24	52	4	16	51	0	0	0	35	21.494,23	3554	211,26	SIM	3.171.136,01	0	0
108	29/3/1998	60	29	34	24	21	59	0	0	0	35	22.511,72	2453	320,57	SIM	4.116.628,49	0	0
109	4/4/1998	54	13	44	49	48	1	0	0	0	39	21.153,30	3881	212,15	SIM	11.523.677,38	0	0
110	11/4/1998	57	58	18	31	43	52	0	0	0	35	27.771,48	3212	302,01	SIM	12.690.079,16	0	0
111	18/4/1998	52	32	4	33	25	22	0	0	0	68	18.082,94	6109	200,88	SIM	14.165.647,19	0	0
112	25/4/1998	37	43	34	20	12	42	0	1	15.802.579,93	137	9.957,01	8340	163,25	NÃO	0	0	0
113	2/5/1998	34	54	26	28	55	7	0	0	0	38	14.269,55	2572	210,4	SIM	650.691,40	0	0
114	9/5/1998	47	54	18	6	12	37	0	0	0	71	9.626,08	4908	138,99	SIM	1.470.833,69	0	0
115	16/5/1998	6	14	24	20	4	38	0	0	0	78	9.283,10	5091	141,95	SIM	2.339.731,79	0	0
116	23/5/1998	36	42	32	5	13	51	0	0	0	64	11.956,28	5270	144,91	SIM	3.257.973,62	0	0
117	30/5/1998	53	42	27	20	33	25	0	0	0	36	22.046,87	3822	207,26	SIM	4.210.398,41	0	0
118	6/6/1998	22	57	37	9	25	56	0	0	0	53	16.052,88	4342	195,56	SIM	5.231.361,36	0	0
119	13/6/1998	47	21	1	50	36	38	0	0	0	21	38.921,16	2691	303,13	SIM	13.206.225,91	0	0
120	20/6/1998	46	45	16	40	27	3	0	0	0	92	13.020,97	7073	169,04	SIM	14.643.740,70	0	0
121	27/6/1998	53	41	44	2	29	55	0	0	0	45	28.917,00	4554	285,17	SIM	16.205.258,33	0	0
122	4/7/1998	20	43	39	11	53	17	0	0	0	83	18.210,45	7203	209,43	SIM	18.019.018,95	0	0
123	11/7/1998	13	42	16	32	14	26	0	0	0	176	12.440,56	13159	166,06	SIM	20.646.465,28	0	0
124	18/7/1998	52	5	34	57	15	41	0	1	24.536.288,72	188	17.242,12	14019	230,76	NÃO	0	0	0
125	25/7/1998	56	47	25	59	53	41	0	0	0	46	15.425,68	2784	254,38	SIM	851.497,47	0	0
126	1/8/1998	32	28	6	10	11	40	0	0	0	83	10.052,56	5510	151,13	SIM	1.852.731,83	0	0
127	8/8/1998	59	21	51	54	29	50	0	0	0	40	23.638,47	2613	361,14	SIM	2.987.378,17	0	0
128	15/8/1998	23	43	3	21	9	18	0	0	0	973	1.024,41	11715	84,91	SIM	4.183.483,50	0	0
129	22/8/1998	46	54	10	9	1	32	0	0	0	67	15.634,41	5320	196,51	SIM	5.440.490,00	0	0
130	29/8/1998	13	42	38	49	53	29	0	0	0	155	11.796,24	11403	160,03	SIM	18.814.958,31	0	0
131	5/9/1998	30	9	17	27	4	44	0	0	0	361	6.811,67	21683	113,19	SIM	21.765.774,49	0	0
132	12/9/1998	44	35	50	41	9	7	0	0	0	143	20.846,64	12179	244,29	SIM	25.343.057,89	0	0
133	19/9/1998	19	57	6	39	34	5	0	1	30.533.241,12	431	10.035,16	29264	147,51	NÃO	0	0	0
134	26/9/1998	60	32	25	36	52	4	0	0	0	82	10.253,38	4575	183,42	SIM	1.008.932,39	0	0
135	3/10/1998	35	40	21	59	53	22	0	0	0	40	24.573,18	3604	272,19	SIM	2.188.444,72	0	0
136	10/10/1998	17	25	45	38	1	59	0	0	0	126	8.435,36	7403	143,29	SIM	3.463.871,17	0	0
137	17/10/1998	26	15	16	22	19	49	0	0	0	88	12.675,49	6701	166,13	SIM	4.802.402,93	0	0
138	24/10/1998	41	14	37	5	40	27	0	0	0	86	14.074,36	6953	173,74	SIM	6.254.876,80	0	0
139	31/10/1998	26	27	13	42	41	3	0	2	3.902.486,14	179	7.216,46	9401	137,14	NÃO	0	0	0
140	7/11/1998	55	31	46	44	41	7	0	0	0	45	36.581,33	4945	332,24	SIM	16.453.628,31	0	0
141	14/11/1998	10	22	42	13	41	58	0	0	0	119	20.106,10	10533	226,7	SIM	19.324.778,90	0	0
142	21/11/1998	20	59	19	54	15	8	0	0	0	162	18.143,56	13991	209,66	SIM	22.851.887,24	0	0
143	28/11/1998	40	18	6	20	50	53	0	0	0	144	24.792,99	10994	324,1	SIM	27.136.115,88	0	0
144	5/12/1998	8	32	44	36	45	55	0	1	33.597.755,21	257	20.952,14	23952	224,38	NÃO	0	0	0
145	12/12/1998	43	15	41	51	16	31	0	0	0	71	15.061,27	3389	314,91	SIM	1.283.220,59	0	0
146	19/12/1998	51	34	25	60	42	32	0	0	0	51	23.923,45	4079	298,52	SIM	2.747.335,81	0	0
147	24/12/1998	24	6	38	23	28	16	0	1	3.805.750,38	75	11.760,17	5418	162,48	NÃO	0	0	0
148	31/12/1998	32	55	59	41	58	35	0	0	0	15	53.660,04	2322	345,95	SIM	965.880,61	0	0
149	9/1/1999	11	45	48	7	28	20	0	0	0	106	9.795,13	6290	164,74	SIM	2.211.820,94	0	0
150	16/1/1999	50	44	12	55	52	54	0	0	0	56	36.378,71	5540	367	SIM	21.414.530,14	0	0
151	23/1/1999	3	43	16	56	52	20	0	1	24.091.811,02	152	14.678,07	9869	225,62	NÃO	0	0	0
152	30/1/1999	12	5	15	51	58	29	0	0	0	75	11.562,39	5041	172,03	SIM	1.040.614,80	0	0
153	6/2/1999	47	2	31	42	45	30	0	0	0	47	22.846,45	4218	254,57	SIM	2.329.154,62	0	0
154	13/2/1999	8	10	24	33	45	48	0	0	0	144	7.888,29	9252	122,78	SIM	3.692.251,60	0	0
155	20/2/1999	12	32	44	43	35	30	0	1	4.988.808,21	67	16.126,32	4974	217,22	NÃO	0	0	0
156	27/2/1999	52	23	42	17	55	49	0	0	0	74	11.018,10	4455	183,02	SIM	978.407,41	0	0
157	6/3/1999	17	13	4	44	41	21	0	1	2.140.030,92	134	7.224,03	8894	108,84	NÃO	0	0	0
158	13/3/1999	58	43	51	14	17	4	0	0	0	31	25.856,53	3630	220,81	SIM	961.863,12	0	0
159	20/3/1999	16	9	50	58	11	35	0	1	2.038.170,67	57	15.735,49	4124	217,49	NÃO	0	0	0
160	27/3/1999	13	42	52	58	2	54	0	0	0	74	19.431,89	6132	234,5	SIM	11.251.511,63	0	0
161	3/4/1999	25	37	30	39	6	41	0	0	0	95	14.430,61	6865	199,69	SIM	12.896.601,04	0	0
162	10/4/1999	23	33	51	38	48	21	0	0	0	92	20.941,30	7244	265,96	SIM	15.208.520,83	0	0
163	17/4/1999	41	56	27	36	53	8	0	2	8.975.833,36	146	15.657,23	10793	211,8	NÃO	0	0	0
164	24/4/1999	4	19	14	10	44	28	0	0	0	111	7.595,63	8386	100,54	SIM	1.011.737,90	0	0
165	1/5/1999	39	56	19	23	10	35	0	2	1.044.444,54	75	11.968,35	5378	166,91	NÃO	0	0	0
166	8/5/1999	60	57	59	13	12	22	0	0	0	47	17.424,67	3371	242,95	SIM	982.751,54	0	0
167	15/5/1999	1	38	48	28	11	33	0	1	2.100.980,21	82	11.364,11	4997	186,48	NÃO	0	0	0
168	22/5/1999	45	2	35	9	50	31	0	0	0	48	15.743,70	3528	214,2	SIM	906.836,93	0	0
169	29/5/1999	52	51	37	13	21	1	0	0	0	65	13.679,08	4489	198,07	SIM	1.973.804,91	0	0
170	5/6/1999	7	51	55	41	58	46	0	0	0	50	32.383,95	6257	258,78	SIM	13.643.095,71	0	0
171	12/6/1999	54	27	4	43	40	46	0	1	16.052.410,83	134	14.983,30	10378	193,46	NÃO	0	0	0
172	19/6/1999	49	36	14	26	35	10	0	0	0	64	13.460,12	4592	186,89	SIM	1.033.736,70	0	0
173	26/6/1999	29	28	49	17	42	50	0	1	2.148.316,42	40	23.220,41	3610	256,32	NÃO	0	0	0
174	3/7/1999	11	52	22	23	36	59	0	0	0	44	17.846,85	3217	243,18	SIM	942.313,58	0	0
175	10/7/1999	10	20	13	1	42	50	0	0	0	114	8.094,08	7058	130,25	SIM	2.049.582,99	0	0
176	17/7/1999	28	4	1	45	53	3	0	0	0	62	16.696,39	5405	190,8	SIM	3.291.794,61	0	0
177	24/7/1999	35	22	39	41	59	38	0	0	0	52	21.716,29	4408	255,21	SIM	4.646.890,81	0	0
178	31/7/1999	5	27	19	26	15	33	0	1	6.129.539,43	198	6.240,11	13086	94,07	NÃO	0	0	0
179	7/8/1999	6	53	5	26	27	23	0	0	0	78	10.281,59	5646	141,51	SIM	962.357,04	0	0
180	14/8/1999	39	6	29	60	51	23	0	0	0	111	15.907,98	6978	252,09	SIM	12.143.009,93	0	0
181	21/8/1999	33	1	55	35	51	27	0	0	0	182	11.127,07	11797	171,02	SIM	14.573.162,71	0	0
182	28/8/1999	46	60	5	10	28	3	0	0	0	239	9.954,78	17413	136,13	SIM	17.428.194,22	0	0
183	4/9/1999	16	11	7	40	44	2	0	0	0	306	9.468,79	20677	139,6	SIM	20.905.131,40	0	0
184	11/9/1999	9	60	21	16	41	34	0	0	0	217	14.699,97	15462	205,53	SIM	24.733.003,15	0	0
185	18/9/1999	59	17	22	46	43	55	0	0	0	366	12.275,86	24849	180,13	SIM	30.124.561,09	0	0
186	25/9/1999	24	26	51	25	14	23	0	0	0	352	17.072,24	31164	192,1	SIM	37.335.874,86	0	0
187	2/10/1999	6	44	58	41	36	48	0	0	0	397	23.058,35	39365	231,66	SIM	48.320.873,60	0	0
188	10/10/1999	34	42	43	46	27	17	0	1	64.905.517,65	1200	11.517,11	90235	152,58	NÃO	0	0	0
189	16/10/1999	41	53	38	4	31	15	0	0	0	61	23.476,18	5485	260,09	SIM	1.718.456,25	0	0
190	24/10/1999	32	40	42	21	10	5	0	0	0	304	14.923,96	21481	210,41	SIM	44.895.988,05	0	0
191	31/10/1999	58	5	41	3	1	23	0	1	50.968.412,58	383	13.212,41	30477	165,41	NÃO	0	0	0
192	6/11/1999	1	60	26	41	28	54	0	0	0	53	23.005,08	4403	275,87	SIM	1.463.122,78	0	0
193	13/11/1999	12	4	11	49	43	19	0	0	0	190	7.199,87	11415	119,39	SIM	3.104.692,58	0	0
194	20/11/1999	32	42	43	25	28	33	0	0	0	106	12.862,40	7456	182,18	SIM	4.740.789,92	0	0
195	27/11/1999	17	3	44	37	9	32	0	1	6.370.250,64	339	4.005,56	13819	97,89	NÃO	0	0	0
196	4/12/1999	32	17	9	14	24	7	0	0	0	182	5.309,16	10493	91,75	SIM	1.159.520,95	0	0
197	11/12/1999	19	52	29	15	12	5	0	0	0	128	8.259,15	8720	120,78	SIM	2.428.125,98	0	0
198	18/12/1999	40	23	1	18	35	8	0	0	0	125	8.881,02	7134	155,02	SIM	3.760.278,08	0	0
199	24/12/1999	52	37	57	16	10	50	0	1	4.915.593,20	34	28.316,55	3143	305,16	NÃO	0	0	0
200	31/12/1999	12	15	44	34	51	19	0	2	8.829.389,20	186	11.008,48	13027	156,59	NÃO	0	0	0
201	8/1/2000	55	22	5	30	35	20	0	1	1.038.373,94	77	11.237,81	4502	191,48	NÃO	0	0	0
202	15/1/2000	49	53	44	12	24	45	0	0	0	65	12.412,65	4279	187,85	SIM	968.186,82	0	0
203	22/1/2000	11	55	44	19	29	47	0	0	0	63	14.099,33	5417	163,36	SIM	2.034.096,14	0	0
204	29/1/2000	31	41	51	39	58	29	0	0	0	32	30.221,85	2400	401,43	SIM	3.194.615,19	0	0
205	5/2/2000	26	32	54	43	46	40	0	1	4.490.339,49	71	15.208,03	6014	178,86	NÃO	0	0	0
206	12/2/2000	20	26	56	18	34	51	0	0	0	43	17.769,34	3478	218,86	SIM	916.897,74	0	0
207	19/2/2000	19	7	3	55	24	53	0	0	0	90	9.663,76	6510	133,1	SIM	1.960.583,04	0	0
208	26/2/2000	23	15	57	24	47	25	0	0	0	72	12.679,18	5232	173,83	SIM	3.056.064,34	0	0
209	4/3/2000	13	52	32	41	21	26	0	0	0	81	12.349,82	5496	181,32	SIM	4.256.466,94	0	0
210	11/3/2000	37	58	20	38	48	32	0	0	0	29	46.721,17	3921	344,24	SIM	14.043.878,83	0	0
211	18/3/2000	10	20	40	45	50	33	0	0	0	164	10.880,27	16680	106,58	SIM	16.185.115,03	0	0
212	25/3/2000	29	57	15	45	59	6	0	0	0	147	13.318,79	9880	197,42	SIM	18.534.548,53	0	0
213	1/4/2000	3	30	9	35	23	32	0	3	7.089.194,54	312	7.299,77	18348	123,66	NÃO	0	0	0
214	8/4/2000	30	12	6	50	35	31	0	0	0	54	15.578,04	3769	222,35	SIM	1.009.456,63	0	0
215	15/4/2000	7	58	28	53	37	46	0	0	0	78	12.078,40	4942	189,92	SIM	2.139.994,41	0	0
216	22/4/2000	35	42	59	18	30	14	0	4	801.057,55	91	9.745,75	5049	175	NÃO	0	0	0
217	29/4/2000	27	32	3	51	49	45	0	0	0	159	4.599,62	5820	125,19	SIM	877.607,32	0	0
218	6/5/2000	54	40	42	17	47	12	0	1	1.878.255,09	95	8.777,61	4679	177,55	NÃO	0	0	0
219	13/5/2000	26	23	49	28	42	36	0	0	0	80	9.221,78	5139	143,02	SIM	885.291,29	0	0
220	20/5/2000	36	53	55	13	60	14	0	1	12.636.751,12	125	12.488,05	8067	192,78	NÃO	0	0	0
221	27/5/2000	54	13	58	43	50	27	0	0	0	49	14.565,66	3793	187,45	SIM	856.460,89	0	0
222	3/6/2000	5	48	30	55	52	19	0	0	0	55	15.243,16	4462	187,18	SIM	1.862.509,60	0	0
223	10/6/2000	28	24	22	2	58	6	0	0	0	163	5.838,31	7780	121,86	SIM	3.004.483,21	0	0
224	17/6/2000	20	16	18	7	44	21	0	0	0	119	8.706,35	7185	143,77	SIM	4.247.750,04	0	0
225	24/6/2000	21	16	4	37	2	58	0	0	0	83	12.542,39	5517	188,14	SIM	5.496.971,76	0	0
226	1/7/2000	2	50	59	38	49	1	0	1	6.916.920,13	78	15.170,39	4123	286,14	NÃO	0	0	0
227	8/7/2000	37	26	27	42	11	48	0	0	0	51	14.471,45	3648	201,72	SIM	885.652,57	0	0
228	15/7/2000	16	40	45	59	43	13	0	0	0	64	13.240,28	4497	187,87	SIM	1.902.506,15	0	0
229	22/7/2000	39	45	11	21	33	13	0	1	2.992.781,57	121	7.508,79	7685	117,88	NÃO	0	0	0
230	29/7/2000	56	44	41	40	8	53	0	0	0	94	15.000,56	5820	241,56	SIM	9.547.336,00	0	0
231	5/8/2000	16	59	27	42	44	36	0	0	0	125	12.896,11	9458	169,93	SIM	11.481.752,44	0	0
232	12/8/2000	29	19	41	22	37	59	0	0	0	124	14.598,36	8807	204,93	SIM	13.653.988,77	0	0
233	19/8/2000	45	3	24	36	7	32	0	5	3.196.547,03	512	3.790,28	21452	90,2	NÃO	0	0	0
234	26/8/2000	15	45	54	25	42	41	0	0	0	39	19.369,91	3505	214,89	SIM	906.511,63	0	0
235	2/9/2000	29	41	55	2	31	22	0	0	0	52	16.604,49	3086	278,96	SIM	1.942.631,63	0	0
236	9/9/2000	10	52	50	57	25	60	0	0	0	76	12.197,95	4703	196,53	SIM	3.055.084,91	0	0
237	16/9/2000	36	7	45	31	56	57	0	0	0	54	19.896,75	4145	258,44	SIM	4.344.394,18	0	0
238	23/9/2000	15	9	41	13	37	42	0	4	1.429.476,11	188	6.088,25	10483	108,86	NÃO	0	0	0
239	30/9/2000	33	21	44	46	47	6	0	1	866.183,32	30	24.060,65	3826	188,1	NÃO	0	0	0
240	7/10/2000	59	28	25	41	57	38	0	0	0	103	15.200,74	6244	250	SIM	11.686.511,34	0	0
241	14/10/2000	11	57	40	35	56	31	0	0	0	74	22.811,94	5485	306,85	SIM	13.712.211,55	0	0
242	21/10/2000	22	7	4	21	28	56	0	0	0	203	9.933,73	13497	148,97	SIM	16.132.069,11	0	0
243	28/10/2000	20	47	23	32	16	11	0	0	0	180	12.019,97	13705	157,4	SIM	18.728.383,13	0	0
244	4/11/2000	19	60	50	24	47	33	0	0	0	204	13.698,02	14735	189,08	SIM	22.081.659,67	0	0
245	11/11/2000	44	51	27	53	8	60	0	3	9.153.484,88	283	15.838,62	21593	206,96	NÃO	0	0	0
246	18/11/2000	2	57	32	43	16	37	0	0	0	93	9.292,06	5429	158,71	SIM	1.036.993,80	0	0
247	25/11/2000	34	3	30	10	23	46	0	0	0	80	12.080,19	6425	149,96	SIM	2.196.692,29	0	0
248	2/12/2000	56	16	34	41	35	32	0	0	0	50	21.550,72	4862	220,96	SIM	3.489.735,08	0	0
249	9/12/2000	21	55	54	40	36	49	0	0	0	60	19.680,20	4247	277,21	SIM	4.906.709,76	0	0
250	16/12/2000	55	25	41	42	43	7	0	0	0	203	10.867,31	15545	141,5	SIM	22.593.628,59	0	0
251	23/12/2000	34	15	23	55	49	30	0	0	0	180	15.473,98	12813	216,73	SIM	25.936.007,67	0	0
252	30/12/2000	17	54	4	51	32	26	0	2	15.107.002,24	354	10.070,62	22122	160,67	NÃO	0	0	0
253	6/1/2001	12	11	56	44	24	37	0	0	0	126	6.985,77	7260	120,88	SIM	1.056.248,75	0	0
254	13/1/2001	4	30	56	21	22	1	0	0	0	66	16.400,47	6381	169,14	SIM	2.355.166,17	0	0
255	20/1/2001	32	44	55	19	20	16	0	0	0	80	14.363,63	6812	168,19	SIM	3.734.074,48	0	0
256	27/1/2001	21	52	34	26	2	32	0	0	0	91	13.336,96	6319	191,49	SIM	5.190.470,09	0	0
257	3/2/2001	28	5	1	34	4	19	0	1	6.808.483,96	175	7.704,83	11706	114,84	NÃO	0	0	0
258	10/2/2001	12	60	54	7	55	50	0	0	0	53	15.960,68	3615	233,3	SIM	1.015.099,19	0	0
259	17/2/2001	20	43	33	13	15	58	0	0	0	65	15.136,22	5581	175,77	SIM	2.195.724,03	0	0
260	24/2/2001	43	4	60	59	6	33	0	0	0	120	16.065,94	8956	214,63	SIM	17.357.124,85	0	0
261	3/3/2001	5	54	20	56	30	16	0	0	0	91	22.350,19	7281	278,51	SIM	19.797.765,32	0	0
262	10/3/2001	53	60	48	20	58	11	0	0	0	108	24.643,78	8838	300,24	SIM	22.991.600,18	0	0
263	17/3/2001	8	50	26	9	53	43	0	0	0	136	24.937,18	12752	265,17	SIM	27.061.348,12	0	0
264	24/3/2001	5	25	31	13	1	33	0	2	16.055.880,73	979	4.298,96	50364	83,25	NÃO	0	0	0
265	31/3/2001	7	50	53	16	41	34	0	0	0	64	14.676,59	3855	242,74	SIM	1.127.161,81	0	0
266	7/4/2001	38	54	48	23	2	46	0	0	0	89	12.318,14	6687	163,33	SIM	2.442.739,49	0	0
267	14/4/2001	58	1	45	55	8	46	0	0	0	46	23.142,59	4076	260,19	SIM	3.720.210,04	0	0
268	21/4/2001	21	10	47	6	5	33	0	0	0	111	10.348,29	10133	112,93	SIM	5.098.601,74	0	0
269	28/4/2001	19	18	52	25	17	49	0	0	0	110	12.115,70	8717	152,31	SIM	6.697.873,66	0	0
270	5/5/2001	45	27	35	40	5	9	0	1	25.186.260,21	228	9.665,14	16867	130,16	NÃO	0	0	0
271	12/5/2001	14	31	54	29	26	24	0	0	0	43	19.939,25	4385	194,79	SIM	1.028.865,23	0	0
272	19/5/2001	36	58	9	10	56	24	0	0	0	70	14.013,37	5491	177,97	SIM	2.205.988,15	0	0
273	26/5/2001	47	52	10	27	23	17	0	1	3.456.480,23	92	11.326,92	7241	143,38	NÃO	0	0	0
274	2/6/2001	11	39	47	18	13	26	0	0	0	142	5.488,22	7420	104,64	SIM	935.192,94	0	0
275	9/6/2001	16	30	19	38	48	37	0	0	0	41	22.897,52	3737	250,27	SIM	2.061.751,10	0	0
276	16/6/2001	53	59	39	45	22	57	0	0	0	79	12.486,98	5172	190,01	SIM	3.245.516,79	0	0
277	23/6/2001	40	26	38	4	56	52	0	0	0	95	11.578,72	5404	202,78	SIM	4.565.490,29	0	0
278	30/6/2001	22	10	18	55	15	31	0	0	0	99	11.868,09	6996	167,32	SIM	5.975.419,10	0	0
279	7/7/2001	31	59	4	58	23	47	0	0	0	58	23.664,88	6137	222,81	SIM	7.622.494,24	0	0
280	14/7/2001	5	16	30	25	58	20	0	0	0	192	11.199,47	14673	146	SIM	19.351.758,16	0	0
281	21/7/2001	11	5	47	31	53	38	0	1	22.414.093,50	188	13.574,18	12864	197,63	NÃO	0	0	0
282	28/7/2001	33	24	36	9	14	23	0	1	958.878,82	76	10.514,03	6064	131,27	NÃO	0	0	0
283	1/8/2001	48	34	28	54	25	42	0	1	367.173,22	36	8.499,38	2126	143,38	NÃO	0	0	0
284	4/8/2001	8	36	14	32	30	7	0	1	901.884,48	75	10.020,94	5358	139,74	NÃO	0	0	0
285	8/8/2001	50	56	41	12	32	37	0	0	0	17	20.875,96	1173	301,41	SIM	425.869,64	0	0
286	11/8/2001	44	37	56	29	47	35	0	0	0	59	13.743,96	3739	216,06	SIM	1.398.941,94	0	0
287	15/8/2001	60	47	3	33	25	13	0	1	1.931.474,80	110	4.034,34	5633	78,49	NÃO	0	0	0
288	18/8/2001	50	9	18	11	6	17	0	0	0	82	8.749,64	4763	150,07	SIM	860.964,72	0	0
289	22/8/2001	36	6	30	20	7	25	0	0	0	29	13.819,12	2197	181,72	SIM	1.341.870,11	0	0
290	25/8/2001	57	30	7	25	40	26	0	0	0	56	20.662,23	4869	236,75	SIM	10.159.688,47	0	0
291	29/8/2001	22	16	5	41	18	17	0	0	0	71	11.244,78	4870	163,32	SIM	11.117.743,68	0	0
292	1/9/2001	24	34	53	45	23	13	0	0	0	116	11.313,30	8670	150,8	SIM	12.692.554,40	0	0
293	5/9/2001	6	12	35	5	28	7	0	0	0	167	5.817,88	10185	95,03	SIM	13.858.457,03	0	0
294	8/9/2001	28	45	41	22	57	25	0	2	7.696.680,33	130	9.839,13	7434	171,41	NÃO	0	0	0
295	12/9/2001	24	44	7	31	12	50	0	0	0	36	10.242,27	2055	178,75	SIM	442.466,08	0	0
296	15/9/2001	20	51	42	3	52	46	0	0	0	29	26.582,95	2348	327,09	SIM	1.367.552,68	0	0
297	19/9/2001	20	28	41	1	33	36	0	0	0	25	19.353,56	1920	251,05	SIM	1.948.159,43	0	0
298	22/9/2001	22	34	24	23	5	60	0	1	2.994.572,21	50	17.440,22	4372	198,71	NÃO	0	0	0
299	26/9/2001	7	5	2	53	33	49	0	0	0	33	10.538,82	2049	169,09	SIM	417.337,23	0	0
300	29/9/2001	27	57	41	38	28	24	0	0	0	48	22.820,73	4820	226,4	SIM	8.421.199,74	0	0
301	3/10/2001	58	26	49	57	48	9	0	0	0	28	29.571,34	2892	285,22	SIM	9.414.796,91	0	0
302	6/10/2001	25	40	12	60	30	41	0	0	0	101	13.505,06	6361	213,63	SIM	11.051.609,38	0	0
303	10/10/2001	7	13	30	37	47	17	0	1	12.257.748,27	215	4.674,95	12861	77,86	NÃO	0	0	0
304	13/10/2001	42	7	11	34	59	41	0	0	0	58	11.050,10	3274	195,02	SIM	769.087,04	0	0
305	17/10/2001	11	5	27	60	38	53	0	0	0	47	10.013,62	3770	124,37	SIM	1.333.855,18	0	0
306	20/10/2001	30	19	57	41	56	47	0	0	0	28	29.736,18	2294	361,58	SIM	2.332.990,80	0	0
307	24/10/2001	26	17	13	41	16	44	0	0	0	44	12.632,80	3962	139,76	SIM	3.000.002,70	0	0
308	27/10/2001	55	25	4	11	29	39	0	1	4.138.172,99	62	15.297,99	5173	182,67	NÃO	0	0	0
309	31/10/2001	39	50	25	55	11	4	0	1	442.899,06	3001	122,53	2997	122,69	NÃO	0	0	0
310	3/11/2001	28	14	29	2	31	32	0	0	0	81	10.544,47	5093	167,07	SIM	7.512.984,90	0	0
311	7/11/2001	32	22	24	41	30	38	0	0	0	31	25.454,68	2871	273,81	SIM	8.459.898,95	0	0
312	10/11/2001	14	30	50	41	47	23	0	0	0	76	15.889,75	4985	241,33	SIM	9.909.043,97	0	0
313	14/11/2001	14	38	53	24	16	37	0	0	0	61	15.665,21	5547	171,62	SIM	11.055.737,35	0	0
314	17/11/2001	5	32	40	58	37	34	0	0	0	93	12.287,32	5542	205,42	SIM	12.427.002,17	0	0
315	21/11/2001	50	21	43	12	28	22	0	1	13.675.105,67	43	24.188,06	4598	225,35	NÃO	0	0	0
316	24/11/2001	28	51	56	6	24	43	0	0	0	104	6.446,33	4093	163,18	SIM	804.502,07	0	0
317	28/11/2001	27	20	48	16	30	35	0	0	0	23	18.858,99	2088	206,96	SIM	1.325.010,22	0	0
318	1/12/2001	19	53	40	3	31	20	0	1	2.227.008,03	46	16.340,54	3071	243,84	NÃO	0	0	0
319	5/12/2001	12	16	23	17	19	48	0	0	0	52	7.242,06	3342	112,26	SIM	451.904,22	0	0
320	8/12/2001	20	53	47	50	22	27	0	0	0	77	15.489,00	4916	241,69	SIM	8.460.390,65	0	0
321	12/12/2001	11	31	32	48	49	4	0	0	0	55	16.954,09	3729	249,11	SIM	9.579.360,38	0	0
322	15/12/2001	18	11	29	44	47	56	0	0	0	87	15.453,45	7835	170,95	SIM	11.192.700,36	0	0
323	19/12/2001	31	49	54	33	26	40	0	0	0	56	19.921,91	4244	261,89	SIM	12.531.452,28	0	0
324	22/12/2001	22	8	30	15	47	25	0	0	0	211	7.938,40	12192	136,87	SIM	14.541.455,70	0	0
325	29/12/2001	4	23	3	1	21	53	0	2	8.743.877,80	256	9.590,82	15646	156,33	NÃO	0	0	0
326	5/1/2002	52	23	40	51	44	21	0	0	0	27	32.367,36	2674	325,58	SIM	1.048.702,44	0	0
327	9/1/2002	46	38	29	33	32	48	0	0	0	16	30.517,93	2112	230,33	SIM	1.634.646,68	0	0
328	12/1/2002	51	5	23	7	14	21	0	1	2.721.357,01	100	9.055,92	7121	126,69	NÃO	0	0	0
329	16/1/2002	24	11	40	12	35	10	0	0	0	40	10.380,30	2904	142,44	SIM	9.617.027,24	0	0
330	19/1/2002	2	4	23	37	14	51	0	0	0	120	10.924,51	7914	165,03	SIM	11.190.156,01	0	0
331	23/1/2002	27	1	35	20	37	13	0	0	0	70	13.872,44	6408	150,97	SIM	12.355.441,42	0	0
332	26/1/2002	28	23	42	29	44	34	0	0	0	83	16.762,69	6713	206,47	SIM	14.025.004,81	0	0
333	30/1/2002	35	27	53	44	52	4	0	0	0	93	12.692,31	6221	189,02	SIM	15.441.466,12	0	0
334	2/2/2002	41	26	51	14	24	23	0	2	8.729.392,91	1200	1.400,91	8839	189,47	NÃO	0	0	0
335	6/2/2002	43	33	57	23	59	7	0	0	0	24	17.736,83	2134	198,73	SIM	510.820,70	0	0
336	9/2/2002	2	18	54	22	30	26	0	0	0	68	11.058,60	4141	180,91	SIM	1.413.202,70	0	0
337	16/2/2002	31	52	14	54	16	4	0	0	0	34	27.110,52	3454	265,86	SIM	2.519.311,97	0	0
338	20/2/2002	48	46	9	1	36	4	0	0	0	43	14.031,02	3245	185,23	SIM	3.243.312,50	0	0
339	23/2/2002	13	16	12	5	27	50	0	0	0	76	12.374,85	6908	135,64	SIM	12.514.336,94	0	0
340	27/2/2002	10	60	42	9	33	12	0	0	0	121	9.877,84	6970	170,83	SIM	13.948.598,35	0	0
341	2/3/2002	56	23	22	43	16	5	0	0	0	166	9.623,14	11103	143,34	SIM	15.865.526,88	0	0
342	6/3/2002	29	49	54	51	16	34	0	0	0	93	15.067,81	5578	250,27	SIM	17.547.094,93	0	0
343	9/3/2002	4	6	7	24	12	41	0	2	9.937.283,03	246	7.884,39	17023	113,51	NÃO	0	0	0
344	13/3/2002	33	36	12	35	10	14	0	0	0	46	9.494,33	3487	124,78	SIM	524.086,97	0	0
345	16/3/2002	56	11	58	46	51	22	0	1	1.447.870,53	27	28.511,84	2170	353,42	NÃO	0	0	0
346	20/3/2002	56	7	46	60	41	12	0	0	0	20	19.632,30	1589	246,17	SIM	471.175,04	0	0
347	23/3/2002	26	10	52	1	12	48	0	0	0	72	9.988,89	4730	151,48	SIM	1.334.215,32	0	0
348	27/3/2002	39	40	33	52	19	30	0	0	0	19	26.763,06	1547	327,46	SIM	1.944.413,01	0	0
349	30/3/2002	9	38	32	8	54	28	0	0	0	46	14.053,06	3264	197,31	SIM	10.405.636,15	0	0
350	3/4/2002	23	30	43	10	15	57	0	0	0	80	11.801,82	5012	187,66	SIM	11.538.610,20	0	0
351	6/4/2002	15	16	59	60	24	41	0	0	0	98	14.478,34	5832	242,37	SIM	13.241.262,56	0	0
352	10/4/2002	49	7	47	25	20	44	0	0	0	161	7.848,74	8080	155,8	SIM	14.757.638,49	0	0
353	13/4/2002	60	46	30	55	23	19	0	0	0	89	19.537,11	6862	252,44	SIM	16.844.201,81	0	0
354	17/4/2002	40	52	38	16	7	41	0	1	18.680.098,10	93	16.450,68	6184	246,46	NÃO	0	0	0
355	20/4/2002	2	37	22	60	14	23	0	0	0	50	14.412,47	4711	152,39	SIM	864.747,94	0	0
356	24/4/2002	54	19	5	58	56	21	0	0	0	32	15.777,72	2415	208,28	SIM	1.470.612,40	0	0
357	27/4/2002	45	53	32	2	30	35	0	0	0	34	23.899,52	3265	247,94	SIM	2.445.712,66	0	0
358	4/5/2002	40	42	32	12	21	17	0	0	0	84	12.903,06	5798	186,23	SIM	3.746.340,86	0	0
359	8/5/2002	31	54	20	29	13	19	0	0	0	56	13.050,25	3953	184,17	SIM	13.221.837,92	0	0
360	11/5/2002	47	24	29	55	53	23	0	0	0	133	10.645,79	8382	168,28	SIM	14.920.906,83	0	0
361	15/5/2002	41	28	45	31	16	59	0	0	0	98	12.456,14	5236	232,26	SIM	16.385.748,75	0	0
362	18/5/2002	37	20	33	46	7	56	0	1	18.399.160,53	110	15.253,12	8313	201,08	NÃO	0	0	0
363	22/5/2002	39	54	29	49	47	19	0	0	0	27	14.921,89	2225	180,39	SIM	483.469,12	0	0
364	25/5/2002	59	44	29	5	51	57	0	1	1.307.293,04	76	9.033,16	3315	206,32	NÃO	0	0	0
365	29/5/2002	52	19	34	37	58	23	0	1	462.752,26	45	8.569,49	2433	157,9	NÃO	0	0	0
366	1/6/2002	6	4	51	7	21	15	0	0	0	41	12.721,16	3489	148,93	SIM	625.880,91	0	0
367	5/6/2002	52	49	27	33	12	10	0	1	1.150.498,02	71	6.157,48	3040	143,27	NÃO	0	0	0
368	8/6/2002	13	50	38	32	44	29	0	0	0	53	10.725,28	3220	175,87	SIM	682.127,44	0	0
369	12/6/2002	21	42	1	60	35	14	0	1	1.221.738,07	46	9.775,55	4167	107,51	NÃO	0	0	0
370	15/6/2002	51	42	4	54	1	40	0	0	0	40	23.283,30	3230	287,25	SIM	7.330.667,64	0	0
371	19/6/2002	23	33	39	4	60	18	0	0	0	47	16.675,12	3979	196,23	SIM	8.271.144,70	0	0
372	22/6/2002	24	17	46	57	16	39	0	2	4.792.658,35	85	12.884,04	6743	161,8	NÃO	0	0	0
373	26/6/2002	31	33	24	10	5	1	0	0	0	52	6.480,14	3292	101,98	SIM	404.360,65	0	0
374	29/6/2002	54	2	26	5	44	16	0	0	0	80	8.073,17	3326	193,45	SIM	1.179.384,47	0	0
375	3/7/2002	51	9	42	5	58	1	0	0	0	33	14.359,09	2359	200,11	SIM	1.748.004,50	0	0
376	6/7/2002	25	13	10	43	35	48	0	0	0	110	7.257,00	6956	114,33	SIM	2.705.928,72	0	0
377	10/7/2002	46	19	3	45	12	27	0	0	0	87	6.639,02	5468	105,23	SIM	3.399.042,30	0	0
378	13/7/2002	55	45	48	41	5	38	0	0	0	36	25.450,60	3115	293,02	SIM	4.498.508,08	0	0
379	17/7/2002	41	55	24	59	33	40	0	0	0	32	23.407,93	2830	263,68	SIM	11.243.785,66	0	0
380	20/7/2002	47	22	13	30	31	57	0	0	0	206	6.628,67	7186	189,31	SIM	12.882.392,95	0	0
381	24/7/2002	9	56	46	28	10	55	0	0	0	85	14.181,19	7295	164,62	SIM	14.328.873,76	0	0
382	27/7/2002	54	38	53	31	37	34	0	0	0	68	23.756,27	6291	255,82	SIM	16.267.384,96	0	0
383	31/7/2002	48	22	53	56	50	14	0	0	0	73	23.753,43	6573	262,81	SIM	18.348.185,45	0	0
384	3/8/2002	28	50	47	24	40	52	0	0	0	151	18.351,99	10644	259,37	SIM	21.673.565,65	0	0
385	7/8/2002	22	12	24	18	5	16	0	2	12.952.192,89	759	4.645,17	37449	93,8	NÃO	0	0	0
386	10/8/2002	39	54	43	36	17	35	0	0	0	70	11.571,98	5236	154,12	SIM	972.045,86	0	0
387	14/8/2002	29	28	48	47	43	22	0	0	0	40	14.937,65	2998	198,55	SIM	1.689.053,37	0	0
388	17/8/2002	52	48	53	58	23	36	0	0	0	46	18.826,46	4293	200,97	SIM	2.728.273,75	0	0
389	21/8/2002	46	14	54	18	43	5	0	0	0	63	11.305,19	4169	170,2	SIM	15.745.310,46	0	0
390	24/8/2002	7	22	34	12	38	53	0	1	17.611.429,97	171	9.094,15	10722	144,49	NÃO	0	0	0
391	28/8/2002	7	15	35	16	40	4	0	0	0	44	10.170,35	2740	162,7	SIM	536.994,30	0	0
392	31/8/2002	49	47	39	31	15	23	0	1	1.410.917,29	68	10.709,84	3591	202,03	NÃO	0	0	0
393	4/9/2002	12	50	36	6	35	40	0	0	0	31	13.716,51	1949	217,35	SIM	510.254,22	0	0
394	7/9/2002	15	49	42	5	45	35	0	0	0	47	11.817,80	4815	114,93	SIM	1.176.778,31	0	0
395	11/9/2002	11	58	31	14	10	20	0	1	1.843.709,96	27	20.584,31	2328	237,84	NÃO	0	0	0
396	14/9/2002	47	18	6	45	34	42	0	0	0	63	10.148,72	4201	151,63	SIM	767.243,59	0	0
397	18/9/2002	32	24	2	5	1	46	0	0	0	61	7.992,42	4026	120,64	SIM	1.352.288,49	0	0
398	21/9/2002	28	7	16	37	36	22	0	1	2.221.289,77	63	11.494,73	5106	141,29	NÃO	0	0	0
399	25/9/2002	59	55	16	27	47	11	0	0	0	20	19.537,00	1730	225,01	SIM	5.676.171,41	0	0
400	28/9/2002	29	59	13	10	54	28	0	0	0	75	13.254,18	4875	203,14	SIM	6.869.047,91	0	0
401	2/10/2002	50	18	44	53	11	43	0	0	0	33	25.008,64	2853	288,18	SIM	7.859.389,89	0	0
402	5/10/2002	27	43	58	5	16	56	0	0	0	146	7.927,99	7787	148,08	SIM	9.248.373,54	0	0
403	9/10/2002	46	31	7	16	60	27	0	0	0	48	19.972,95	4099	233,01	SIM	10.398.815,28	0	0
404	12/10/2002	24	38	58	1	40	28	0	0	0	66	16.580,07	4364	249,8	SIM	11.711.956,93	0	0
405	16/10/2002	57	60	34	24	29	47	0	0	0	67	16.988,17	4579	247,63	SIM	13.077.805,76	0	0
406	19/10/2002	47	32	48	12	38	2	0	0	0	78	19.463,48	6557	230,66	SIM	14.899.587,92	0	0
407	23/10/2002	49	2	18	51	22	57	0	0	0	90	16.315,38	6383	229,18	SIM	16.661.649,27	0	0
408	26/10/2002	49	44	33	28	56	14	0	1	18.948.827,67	269	7.085,43	13970	135,92	NÃO	0	0	0
409	30/10/2002	26	49	25	18	31	34	0	0	0	23	18.741,96	1958	219,32	SIM	9.710.567,61	0	0
410	2/11/2002	31	55	36	24	8	38	0	0	0	101	10.257,12	5799	177,97	SIM	10.953.730,37	0	0
411	6/11/2002	10	56	12	31	45	38	0	0	0	91	11.814,39	5115	209,4	SIM	12.243.861,06	0	0
412	9/11/2002	45	5	14	21	59	12	0	0	0	89	16.616,72	8542	172,49	SIM	14.018.527,28	0	0
413	13/11/2002	35	53	29	33	2	4	0	0	0	102	13.376,53	7746	175,49	SIM	15.655.814,53	0	0
414	16/11/2002	35	26	58	52	45	16	0	1	17.428.452,98	51	28.964,68	5527	266,26	NÃO	0	0	0
415	20/11/2002	38	44	4	1	27	42	0	0	0	40	11.027,47	2415	181,96	SIM	529.318,35	0	0
416	23/11/2002	13	1	23	56	54	33	0	0	0	44	16.547,76	4032	179,9	SIM	1.403.039,91	0	0
417	27/11/2002	25	7	12	21	42	34	0	0	0	78	7.435,78	5218	110,73	SIM	2.099.028,66	0	0
418	30/11/2002	45	8	32	49	15	52	0	2	1.558.712,24	82	10.349,55	5133	164,72	NÃO	0	0	0
419	4/12/2002	41	42	52	53	16	9	0	0	0	30	14.860,22	1594	278,62	SIM	8.115.153,05	0	0
420	7/12/2002	43	12	59	30	57	29	0	0	0	83	13.949,86	5614	205,47	SIM	9.504.559,06	0	0
421	11/12/2002	38	45	35	37	5	51	0	0	0	47	21.307,17	4716	211,55	SIM	10.706.283,47	0	0
422	14/12/2002	60	12	56	37	55	43	0	0	0	80	16.823,65	6516	205,77	SIM	12.321.354,11	0	0
423	18/12/2002	8	22	33	40	32	53	0	0	0	66	17.925,27	4178	282,1	SIM	13.741.035,48	0	0
424	21/12/2002	29	36	27	18	59	46	0	0	0	91	17.356,78	7389	212,95	SIM	15.636.395,41	0	0
425	28/12/2002	6	16	10	34	47	42	0	1	18.979.599,19	279	9.985,67	17411	159,42	NÃO	0	0	0
426	4/1/2003	7	32	54	50	30	37	0	0	0	58	13.241,94	3139	243,76	SIM	921.638,77	0	0
427	8/1/2003	51	13	43	24	3	14	0	0	0	48	11.642,10	3563	156,25	SIM	1.592.223,84	0	0
428	11/1/2003	60	8	32	28	46	30	0	0	0	48	16.919,00	3734	216,67	SIM	2.566.758,37	0	0
429	15/1/2003	55	32	17	36	26	43	0	0	0	44	14.978,72	3300	198,96	SIM	12.839.021,93	0	0
430	18/1/2003	50	21	10	25	38	8	0	1	14.410.708,81	85	15.408,70	6944	187,9	NÃO	0	0	0
431	22/1/2003	58	26	40	37	47	52	0	0	0	20	21.069,89	1184	354,56	SIM	505.677,41	0	0
432	25/1/2003	50	17	13	27	4	39	0	0	0	54	12.185,97	4278	153,24	SIM	1.295.327,95	0	0
433	29/1/2003	36	17	28	16	54	30	0	0	0	31	16.580,20	2332	219,58	SIM	1.912.111,54	0	0
434	1/2/2003	24	17	4	54	30	10	0	0	0	84	9.173,28	4870	157,63	SIM	2.836.778,00	0	0
435	5/2/2003	37	11	17	31	43	10	0	0	0	55	11.059,32	3243	186,85	SIM	3.566.693,13	0	0
436	8/2/2003	1	6	57	29	48	7	0	0	0	47	19.531,31	4696	194,74	SIM	4.668.258,69	0	0
437	12/2/2003	54	10	59	44	30	7	0	0	0	33	22.273,90	2829	258,84	SIM	5.550.305,04	0	0
438	15/2/2003	38	48	14	3	11	5	0	0	0	65	16.281,73	6276	167,99	SIM	6.820.280,27	0	0
439	19/2/2003	42	13	20	29	43	57	0	0	0	65	13.353,84	4407	196,22	SIM	14.150.924,79	0	0
440	22/2/2003	46	23	30	47	5	3	0	0	0	139	10.909,13	10120	149,28	SIM	15.970.566,86	0	0
441	26/2/2003	2	15	58	10	59	21	0	0	0	121	11.917,74	6941	206,98	SIM	17.701.023,29	0	0
442	1/3/2003	15	31	23	6	59	37	0	1	19.946.601,01	135	13.861,59	9944	187,48	NÃO	0	0	0
443	8/3/2003	11	36	17	26	52	48	0	0	0	47	16.322,42	3738	204,46	SIM	920.584,21	0	0
444	12/3/2003	48	52	57	24	3	33	0	0	0	43	13.890,62	3332	178,58	SIM	1.637.340,11	0	0
445	15/3/2003	31	50	7	53	32	20	0	0	0	31	28.559,37	3101	284,42	SIM	2.699.748,84	0	0
446	19/3/2003	11	20	8	47	12	17	0	2	1.767.117,91	65	10.698,55	5039	137,48	NÃO	0	0	0
447	22/3/2003	24	55	15	33	25	42	0	0	0	55	12.010,32	5613	117,25	SIM	792.681,47	0	0
448	26/3/2003	5	3	52	45	9	51	0	0	0	40	13.356,99	2999	177,48	SIM	1.433.817,03	0	0
449	29/3/2003	34	56	24	1	49	8	0	0	0	55	14.643,05	3656	219,46	SIM	10.220.372,33	0	0
450	2/4/2003	59	51	13	1	9	50	0	0	0	108	10.575,60	6194	183,7	SIM	11.590.970,46	0	0
451	5/4/2003	23	18	31	17	53	28	0	0	0	87	17.131,80	7368	201,53	SIM	13.379.529,89	0	0
452	9/4/2003	54	11	51	16	36	30	0	0	0	76	18.847,21	6317	225,9	SIM	15.098.395,42	0	0
453	12/4/2003	58	52	8	34	20	23	0	0	0	120	15.932,45	7882	241,65	SIM	17.392.667,68	0	0
454	16/4/2003	4	17	42	56	46	24	0	0	0	275	7.515,39	16564	124,3	SIM	19.872.744,64	0	0
455	19/4/2003	50	15	17	2	14	59	0	0	0	86	23.171,64	7989	248,5	SIM	22.264.057,74	0	0
456	23/4/2003	17	40	22	27	33	3	0	0	0	221	11.142,66	16964	144,61	SIM	25.219.091,20	0	0
457	26/4/2003	48	15	24	27	17	32	0	3	10.000.441,74	480	8.302,49	31340	126,68	NÃO	0	0	0
458	30/4/2003	43	53	13	32	34	24	0	0	0	82	7.395,34	3921	154,08	SIM	727.701,47	0	0
459	3/5/2003	43	17	8	15	49	39	0	0	0	62	12.146,48	4197	178,76	SIM	15.906.301,09	0	0
460	7/5/2003	19	55	30	23	37	49	0	0	0	155	9.688,96	9464	158,09	SIM	17.708.446,64	0	0
461	10/5/2003	30	17	20	29	15	60	0	0	0	189	10.317,48	8312	233,71	SIM	20.048.450,45	0	0
462	14/5/2003	27	48	17	19	26	22	0	0	0	212	9.023,34	14463	131,76	SIM	22.343.987,57	0	0
463	17/5/2003	7	18	2	45	3	53	0	0	0	166	14.740,96	15269	159,66	SIM	25.280.386,38	0	0
464	21/5/2003	6	33	45	38	24	50	0	1	28.414.544,43	241	10.837,34	15457	168,33	NÃO	0	0	0
465	24/5/2003	46	31	1	57	22	51	0	0	0	19	40.627,81	2175	353,57	SIM	926.313,93	0	0
466	28/5/2003	28	16	45	29	30	11	0	0	0	64	10.353,72	3582	184,29	SIM	1.721.479,17	0	0
467	31/5/2003	38	21	8	22	18	60	0	0	0	45	20.730,13	3907	237,87	SIM	2.840.905,83	0	0
468	4/6/2003	23	6	25	39	51	5	0	0	0	58	14.292,56	4701	175,67	SIM	3.835.668,21	0	0
469	7/6/2003	29	47	42	21	13	26	0	2	2.596.432,92	187	6.048,12	8798	128,07	NÃO	0	0	0
470	11/6/2003	51	58	23	11	8	37	0	0	0	86	13.384,59	6094	188,18	SIM	13.182.029,14	0	0
471	14/6/2003	51	59	31	5	36	32	0	0	0	76	19.668,02	5490	271,24	SIM	14.975.752,83	0	0
472	18/6/2003	12	3	38	29	51	4	0	0	0	82	17.224,58	6518	215,88	SIM	16.670.651,02	0	0
473	21/6/2003	51	7	58	49	23	41	0	0	0	65	23.285,11	6524	231,12	SIM	18.486.889,08	0	0
474	25/6/2003	34	3	12	50	32	40	0	0	0	56	34.156,59	6910	275,76	SIM	20.782.211,64	0	0
475	28/6/2003	19	6	43	52	8	22	0	0	0	156	15.008,18	13235	176,23	SIM	23.591.742,20	0	0
476	2/7/2003	38	43	20	55	17	58	0	0	0	163	16.837,81	11465	238,49	SIM	26.885.217,69	0	0
477	5/7/2003	47	34	8	6	18	38	0	3	10.401.481,92	279	12.900,92	21958	163,3	NÃO	0	0	0
478	9/7/2003	30	8	31	3	21	25	0	0	0	92	7.045,32	4876	132,43	SIM	777.803,22	0	0
479	12/7/2003	20	54	58	26	41	46	0	0	0	32	29.012,34	2834	326,35	SIM	16.088.932,65	0	0
480	16/7/2003	36	38	33	14	49	41	0	0	0	112	13.831,54	8589	179,69	SIM	17.947.892,21	0	0
481	19/7/2003	42	6	24	44	22	13	0	3	6.796.888,03	359	5.670,32	19465	104,19	NÃO	0	0	0
482	23/7/2003	13	56	12	33	53	54	0	0	0	41	14.878,29	2929	207,48	SIM	732.011,95	0	0
483	26/7/2003	16	23	35	18	44	59	0	0	0	90	9.761,25	6279	139,38	SIM	1.786.227,43	0	0
484	30/7/2003	53	19	38	18	17	49	0	0	0	55	13.655,17	4015	186,35	SIM	2.687.468,43	0	0
485	2/8/2003	38	28	52	30	19	57	0	0	0	30	35.888,42	3203	334,87	SIM	3.979.451,73	0	0
486	6/8/2003	50	42	19	8	30	14	0	1	5.125.800,12	55	17.368,92	4325	220,05	NÃO	0	0	0
487	9/8/2003	25	22	48	52	54	8	0	2	467.702,34	104	7.495,23	5329	145,73	NÃO	0	0	0
488	13/8/2003	30	39	35	43	15	57	0	0	0	46	11.864,07	2699	201,45	SIM	654.896,68	0	0
489	16/8/2003	28	36	17	53	33	59	0	0	0	67	12.406,82	5107	162,16	SIM	9.662.631,84	0	0
490	20/8/2003	5	11	29	54	23	58	0	1	11.070.173,50	148	7.925,35	8438	138,49	NÃO	0	0	0
491	23/8/2003	22	43	15	55	9	1	0	1	849.344,26	81	8.738,11	4221	167,05	NÃO	0	0	0
492	27/8/2003	57	2	15	6	56	18	0	0	0	26	19.041,52	2629	187,61	SIM	594.095,53	0	0
493	30/8/2003	54	20	3	18	42	24	0	0	0	79	9.663,99	5294	143,67	SIM	1.510.241,51	0	0
494	3/9/2003	28	32	49	53	18	20	0	0	0	32	21.997,60	2766	253,53	SIM	2.354.949,51	0	0
495	6/9/2003	36	15	60	8	29	49	0	0	0	48	20.565,02	5313	185,09	SIM	3.539.495,03	0	0
496	10/9/2003	41	20	19	29	59	10	0	0	0	31	27.720,31	3495	244,94	SIM	4.570.690,49	0	0
497	13/9/2003	9	41	32	13	58	20	0	0	0	72	15.712,44	5439	207,21	SIM	5.928.244,66	0	0
498	17/9/2003	49	28	2	6	57	50	0	0	0	58	17.603,00	4592	221,5	SIM	7.153.413,01	0	0
499	20/9/2003	59	1	11	5	44	4	0	1	8.698.099,22	126	10.216,18	8903	144,04	NÃO	0	0	0
500	27/9/2003	35	21	54	29	38	36	0	1	9.394.248,83	73	23.869,01	6818	254,6	NÃO	0	0	0
501	1/10/2003	34	27	56	28	16	39	0	0	0	43	11.303,51	3037	159,45	SIM	583.261,35	0	0
502	4/10/2003	50	7	33	21	24	13	0	2	730.915,33	268	2.731,87	9549	76,39	NÃO	0	0	0
503	8/10/2003	10	21	48	27	49	7	0	0	0	40	11.636,06	2934	158,04	SIM	558.530,93	0	0
504	11/10/2003	39	19	11	8	50	30	0	0	0	54	12.855,55	4006	172,64	SIM	1.391.570,39	0	0
505	15/10/2003	47	20	52	3	46	28	0	0	0	30	19.736,18	2559	230,51	SIM	2.102.072,80	0	0
506	18/10/2003	31	37	34	15	38	4	0	0	0	65	12.720,38	4735	173,96	SIM	3.094.262,01	0	0
507	22/10/2003	44	58	5	27	33	3	0	2	1.963.484,53	212	3.273,22	6604	104,68	NÃO	0	0	0
508	25/10/2003	46	56	5	15	45	10	0	0	0	33	18.038,77	3025	196,05	SIM	714.335,26	0	0
509	29/10/2003	32	55	34	35	28	33	0	0	0	39	13.104,28	2852	178,52	SIM	7.199.176,21	0	0
510	1/11/2003	30	45	58	1	4	41	0	2	4.252.983,06	70	15.557,02	4392	247,01	NÃO	0	0	0
511	5/11/2003	8	36	34	37	3	4	0	0	0	50	8.700,75	3155	137,37	SIM	761.315,61	0	0
512	8/11/2003	8	40	58	4	53	31	0	3	653.828,50	41	16.727,11	2277	300,05	NÃO	0	0	0
513	12/11/2003	46	10	27	19	33	39	0	0	0	46	8.485,71	2427	160,23	SIM	683.099,65	0	0
514	15/11/2003	15	52	40	36	51	42	0	0	0	20	24.964,72	1209	411,42	SIM	4.941.165,35	0	0
515	19/11/2003	39	16	57	15	45	48	0	0	0	33	20.464,65	2636	255,23	SIM	6.122.998,73	0	0
516	22/11/2003	24	5	34	13	35	33	0	0	0	164	5.416,02	7718	114,65	SIM	7.677.394,38	0	0
517	26/11/2003	51	32	8	28	38	7	0	0	0	36	22.385,92	3262	246,13	SIM	9.087.707,16	0	0
518	29/11/2003	44	8	5	15	18	10	0	0	0	182	6.014,85	8653	126,04	SIM	11.003.437,88	0	0
519	3/12/2003	9	36	15	19	42	22	0	0	0	111	9.685,31	7018	152,61	SIM	18.558.840,36	0	0
520	6/12/2003	32	34	17	35	9	12	0	0	0	166	10.017,32	10884	152,2	SIM	21.468.871,74	0	0
521	10/12/2003	28	32	38	25	15	45	0	0	0	166	10.463,37	10610	163,09	SIM	24.508.480,18	0	0
522	13/12/2003	49	52	15	25	14	6	0	0	0	118	19.311,39	8280	274,17	SIM	28.496.281,66	0	0
523	17/12/2003	45	58	40	39	28	44	0	0	0	123	27.528,74	9692	348,05	SIM	34.421.843,43	0	0
524	20/12/2003	47	29	34	48	19	41	0	1	42.794.697,56	180	26.580,49	17156	277,83	NÃO	0	0	0
525	27/12/2003	26	32	24	49	8	10	0	2	10.208.722,99	153	11.600,82	9640	183,43	NÃO	0	0	0
526	3/1/2004	3	59	21	36	55	31	0	0	0	34	22.681,04	2444	314,34	SIM	1.349.521,77	0	0
527	7/1/2004	17	14	50	52	6	26	0	0	0	23	27.463,44	2091	300,94	SIM	2.454.925,13	0	0
528	10/1/2004	34	28	37	12	8	31	0	0	0	67	12.554,60	4827	173,6	SIM	3.926.952,17	0	0
529	14/1/2004	56	45	13	33	38	1	0	15	348.732,75	87	8.565,12	4758	156,03	NÃO	0	0	0
530	17/1/2004	32	21	25	1	6	49	0	0	0	49	18.501,75	3771	239,5	SIM	7.541.604,05	0	0
531	21/1/2004	3	1	35	7	18	50	0	0	0	96	9.079,10	5188	167,37	SIM	9.066.892,84	0	0
532	24/1/2004	13	4	12	53	9	52	0	0	0	69	16.628,16	5314	215,09	SIM	11.074.743,03	0	0
533	28/1/2004	27	18	13	59	21	53	0	0	0	82	12.747,27	5129	203,03	SIM	12.903.975,95	0	0
534	31/1/2004	48	57	23	8	31	3	0	1	15.184.658,12	107	12.179,88	6559	197,95	NÃO	0	0	0
535	4/2/2004	49	14	47	56	6	28	0	1	7.834.139,14	59	12.025,02	4136	170,89	NÃO	0	0	0
536	7/2/2004	14	22	25	15	37	23	0	0	0	49	12.551,38	3217	190,46	SIM	1.076.280,35	0	0
537	11/2/2004	37	3	19	34	39	7	0	1	2.054.340,05	128	4.366,34	5345	104,17	NÃO	0	0	0
538	14/2/2004	45	43	56	25	52	3	0	0	0	36	16.533,54	2657	223,17	SIM	1.041.612,80	0	0
539	18/2/2004	16	50	55	6	47	19	0	0	0	21	25.214,62	1908	276,47	SIM	5.728.373,54	0	0
540	21/2/2004	22	4	30	44	28	49	0	0	0	84	10.186,19	4535	187,97	SIM	7.225.743,35	0	0
541	28/2/2004	58	57	27	13	49	52	0	1	9.144.543,50	54	20.304,76	4879	223,88	NÃO	0	0	0
542	3/3/2004	49	4	19	28	35	6	0	0	0	42	9.683,43	2800	144,7	SIM	711.731,71	0	0
543	6/3/2004	35	54	37	42	49	46	0	1	1.836.749,58	78	8.241,89	2557	250,47	NÃO	0	0	0
544	10/3/2004	11	33	56	47	17	34	0	0	0	39	10.062,10	2415	161,89	SIM	4.929.350,89	0	0
545	13/3/2004	43	35	57	29	40	17	0	1	6.409.645,53	102	8.292,97	4315	195,29	NÃO	0	0	0
546	17/3/2004	46	4	54	17	13	5	0	0	0	32	12.224,97	3003	129,78	SIM	684.598,29	0	0
547	20/3/2004	4	59	13	53	28	30	0	1	1.746.857,35	42	14.452,51	2599	232,67	NÃO	0	0	0
548	24/3/2004	51	49	14	47	59	58	0	0	0	9	41.634,70	965	386,83	SIM	655.746,39	0	0
549	27/3/2004	13	51	58	22	46	8	0	0	0	34	17.519,41	2772	214,07	SIM	5.216.225,00	0	0
550	31/3/2004	17	56	16	38	39	45	0	0	0	39	18.277,00	2948	240,88	SIM	6.463.630,53	0	0
551	3/4/2004	56	48	57	21	12	46	0	0	0	35	28.192,58	3027	324,75	SIM	8.190.426,28	0	0
552	7/4/2004	22	54	52	47	49	9	0	0	0	69	14.110,09	4299	225,61	SIM	9.894.220,21	0	0
553	10/4/2004	43	46	58	53	54	4	0	0	0	42	23.814,78	3308	301,22	SIM	11.644.606,76	0	0
554	14/4/2004	47	29	31	15	60	42	0	0	0	64	20.951,21	4812	277,6	SIM	20.258.939,21	0	0
555	17/4/2004	49	5	23	33	45	31	0	1	23.810.057,19	152	13.350,07	10733	188,35	NÃO	0	0	0
556	21/4/2004	8	45	30	33	17	10	0	0	0	20	14.872,57	1699	174,41	SIM	520.539,87	0	0
557	24/4/2004	18	49	38	23	8	12	0	0	0	59	11.001,41	3777	171,2	SIM	1.656.435,01	0	0
558	28/4/2004	59	57	7	58	31	14	0	0	0	21	26.571,46	2000	277,94	SIM	2.632.936,06	0	0
559	1/5/2004	53	25	36	13	17	6	0	1	3.707.152,54	75	8.184,51	4460	137,11	NÃO	0	0	0
560	5/5/2004	32	18	11	30	2	58	0	0	0	44	16.215,47	2585	274,97	SIM	6.433.069,85	0	0
561	8/5/2004	39	49	36	20	55	1	0	0	0	32	31.342,98	2743	364,27	SIM	8.188.276,67	0	0
562	12/5/2004	37	35	23	16	57	55	0	0	0	117	8.271,95	5150	187,22	SIM	9.881.959,48	0	0
563	15/5/2004	34	8	23	44	51	5	0	0	0	90	13.541,69	6007	202,12	SIM	12.014.774,50	0	0
564	19/5/2004	38	13	32	20	10	49	0	0	0	46	25.392,82	4446	261,73	SIM	20.397.765,64	0	0
565	22/5/2004	31	37	35	7	45	34	0	0	0	57	29.241,27	6804	244,04	SIM	23.314.582,63	0	0
566	26/5/2004	17	6	20	18	13	37	0	0	0	176	11.334,45	13032	152,49	SIM	26.805.592,27	0	0
567	29/5/2004	57	58	11	38	41	31	0	0	0	69	37.888,61	5787	450,05	SIM	31.380.642,06	0	0
568	2/6/2004	25	41	17	29	13	22	0	0	0	457	7.802,44	24931	142,48	SIM	37.620.642,34	0	0
569	5/6/2004	32	15	14	9	3	57	0	1	46.663.532,70	434	11.906,37	29922	172,04	NÃO	0	0	0
570	9/6/2004	35	32	36	33	51	15	0	0	0	84	18.168,10	7539	201,67	SIM	21.431.972,38	0	0
571	12/6/2004	14	31	12	13	51	50	0	0	0	69	22.294,35	5572	275,04	SIM	24.124.014,99	0	0
572	16/6/2004	33	3	20	60	9	16	0	0	0	162	10.668,49	9940	173,21	SIM	27.148.533,16	0	0
573	19/6/2004	59	29	17	6	40	22	0	0	0	82	25.012,22	8272	247	SIM	30.737.786,41	0	0
574	23/6/2004	32	23	2	10	44	17	0	0	0	162	12.609,31	12691	160,35	SIM	45.420.567,88	0	0
575	26/6/2004	18	29	21	48	35	5	0	2	25.737.016,52	470	7.359,84	21660	159,1	NÃO	0	0	0
576	30/6/2004	18	43	52	39	7	8	0	0	0	27	22.856,21	1978	310,81	SIM	1.079.955,77	0	0
577	3/7/2004	31	47	28	23	8	24	0	0	0	57	15.092,90	4579	187,17	SIM	2.585.472,50	0	0
578	7/7/2004	48	3	58	18	56	23	0	1	3.982.872,62	62	12.879,26	3639	218,6	NÃO	0	0	0
579	10/7/2004	15	34	39	17	4	9	0	1	1.175.432,13	90	7.463,06	5172	129,38	NÃO	0	0	0
580	14/7/2004	38	16	18	28	15	47	0	0	0	56	16.168,75	4097	220,17	SIM	9.592.944,81	0	0
581	17/7/2004	30	25	52	14	39	17	0	1	11.781.320,02	56	22.330,36	4429	281,27	NÃO	0	0	0
582	21/7/2004	13	40	29	59	45	51	0	0	0	29	17.143,40	1943	254,91	SIM	870.027,37	0	0
583	24/7/2004	55	6	41	20	43	7	0	0	0	36	20.218,13	2157	336,16	SIM	2.143.769,60	0	0
584	28/7/2004	30	53	23	7	32	8	0	0	0	49	13.327,92	3278	198,48	SIM	8.329.175,80	0	0
585	31/7/2004	24	39	12	33	57	36	0	1	10.166.807,68	124	8.468,35	7122	146,89	NÃO	0	0	0
586	4/8/2004	45	38	13	11	54	39	0	0	0	30	15.687,92	2162	216,87	SIM	823.615,95	0	0
587	7/8/2004	30	2	36	18	60	29	0	0	0	36	20.518,92	2436	302,09	SIM	2.116.308,12	0	0
588	11/8/2004	45	13	46	55	53	11	0	0	0	22	29.565,71	2088	310,34	SIM	3.254.587,92	0	0
589	14/8/2004	13	7	33	59	6	8	0	0	0	152	5.926,91	9005	99,66	SIM	9.594.559,27	0	0
590	18/8/2004	25	51	5	18	4	28	0	0	0	70	14.105,62	5155	190,82	SIM	11.322.497,59	0	0
591	21/8/2004	58	3	18	50	34	1	0	0	0	64	18.968,95	4448	271,9	SIM	13.447.020,10	0	0
592	25/8/2004	55	14	59	47	13	42	0	0	0	60	18.664,59	5062	220,39	SIM	15.406.801,69	0	0
593	28/8/2004	27	29	1	59	25	49	0	0	0	68	20.265,54	5291	259,47	SIM	17.818.401,51	0	0
594	1/9/2004	10	53	55	29	13	47	0	0	0	121	11.747,70	6444	219,76	SIM	27.956.987,94	0	0
595	4/9/2004	54	2	43	1	50	25	0	0	0	89	22.736,36	7230	278,82	SIM	31.498.176,46	0	0
596	8/9/2004	43	60	28	11	54	14	0	0	0	116	15.749,68	6578	276,69	SIM	34.695.360,86	0	0
597	11/9/2004	42	40	27	22	56	29	0	0	0	140	21.650,75	10021	301,33	SIM	39.999.792,49	0	0
598	15/9/2004	5	16	53	38	50	34	0	2	23.179.951,19	234	15.531,40	19229	188,29	NÃO	0	0	0
599	18/9/2004	6	45	51	9	23	4	0	0	0	65	10.375,80	4755	141,31	SIM	15.168.219,08	0	0
600	22/9/2004	18	39	54	34	31	16	0	0	0	73	16.062,92	4640	251,75	SIM	17.220.256,51	0	0
601	25/9/2004	37	19	29	30	10	22	0	0	0	75	18.837,59	6002	234,5	SIM	19.692.689,90	0	0
602	29/9/2004	38	60	13	7	55	46	0	0	0	95	13.988,93	6773	195,47	SIM	22.018.349,56	0	0
603	2/10/2004	4	8	11	29	12	44	0	1	24.750.883,61	233	6.701,50	12565	123,8	NÃO	0	0	0
604	6/10/2004	41	49	51	25	15	46	0	0	0	15	35.679,23	1422	374,94	SIM	8.450.325,62	0	0
605	9/10/2004	44	52	53	4	49	24	0	0	0	45	23.716,98	3980	267,15	SIM	10.318.037,87	0	0
606	13/10/2004	41	6	23	55	32	35	0	1	11.878.491,65	43	20.736,93	3770	235,63	NÃO	0	0	0
607	16/10/2004	6	59	11	27	19	41	0	0	0	48	13.506,67	3059	211,14	SIM	1.134.560,21	0	0
608	20/10/2004	30	6	37	19	24	13	0	0	0	101	6.267,54	5181	121,72	SIM	2.242.347,59	0	0
609	23/10/2004	15	2	59	60	6	58	0	0	0	60	13.952,24	3994	208,81	SIM	8.804.117,70	0	0
610	27/10/2004	25	49	30	43	47	45	0	0	0	62	14.911,12	4044	227,75	SIM	10.421.973,58	0	0
611	30/10/2004	22	21	33	16	48	49	0	0	0	69	16.349,76	4531	248,04	SIM	12.396.207,89	0	0
612	3/11/2004	55	33	15	50	53	18	0	0	0	41	22.250,05	3389	268,16	SIM	13.992.649,10	0	0
613	6/11/2004	54	55	13	44	6	19	0	0	0	108	12.259,22	7101	185,76	SIM	16.309.642,40	0	0
614	10/11/2004	60	31	12	48	57	16	0	0	0	53	24.951,84	4127	319,23	SIM	25.638.073,79	0	0
615	13/11/2004	27	31	8	10	51	5	0	0	0	157	11.348,03	9780	181,48	SIM	28.755.943,65	0	0
616	17/11/2004	24	16	26	54	12	2	0	0	0	90	18.187,52	9236	176,56	SIM	31.620.478,41	0	0
617	20/11/2004	25	5	49	36	33	3	0	2	17.791.387,59	289	7.834,50	17341	130,08	NÃO	0	0	0
618	24/11/2004	60	10	3	8	24	13	0	0	0	86	6.312,56	4992	108,34	SIM	950.038,98	0	0
619	27/11/2004	16	12	46	14	8	19	0	0	0	101	7.354,06	5924	124,91	SIM	10.960.275,81	0	0
620	1/12/2004	22	1	29	13	32	3	0	0	0	87	11.707,09	5886	172,39	SIM	12.742.680,43	0	0
621	4/12/2004	29	31	50	26	57	49	0	0	0	40	32.904,81	3837	341,73	SIM	15.046.017,24	0	0
622	8/12/2004	59	27	19	29	50	38	0	0	0	49	24.789,92	3560	339,92	SIM	17.171.752,86	0	0
623	11/12/2004	42	23	55	30	9	49	0	0	0	124	12.236,03	6915	218,59	SIM	19.826.970,07	0	0
624	15/12/2004	39	23	34	52	8	43	0	1	22.375.180,08	108	13.482,59	7284	199,16	NÃO	0	0	0
625	18/12/2004	59	12	32	42	24	40	0	0	0	49	20.777,72	4056	250,06	SIM	9.935.192,23	0	0
626	22/12/2004	49	8	22	18	7	39	0	0	0	52	21.294,16	5096	216,47	SIM	11.872.960,59	0	0
627	29/12/2004	19	13	45	58	56	1	0	0	0	112	14.270,18	8049	197,82	SIM	14.669.915,47	0	0
628	5/1/2005	8	16	22	56	58	30	0	1	17.373.966,13	76	20.331,21	5510	279,37	NÃO	0	0	0
629	8/1/2005	40	47	39	16	51	15	0	1	1.104.456,38	15	42.074,53	1865	337,13	NÃO	0	0	0
630	12/1/2005	16	53	20	60	12	45	0	0	0	33	24.880,69	2972	275,23	SIM	8.811.801,94	0	0
631	15/1/2005	1	28	47	20	44	32	0	1	10.579.247,17	46	21.955,84	3548	283,58	NÃO	0	0	0
632	19/1/2005	2	54	48	51	19	28	0	0	0	26	19.697,02	1962	260,03	SIM	896.214,44	0	0
633	22/1/2005	27	46	5	50	11	22	0	0	0	58	11.744,77	3524	192,57	SIM	2.088.308,43	0	0
634	26/1/2005	13	41	24	42	10	56	0	0	0	54	11.854,27	3752	169,97	SIM	7.789.137,30	0	0
635	29/1/2005	49	42	37	8	20	26	0	0	0	58	16.456,84	3646	260,8	SIM	9.459.506,58	0	0
636	2/2/2005	30	32	34	50	28	26	0	0	0	74	12.762,47	3170	296,79	SIM	11.112.246,45	0	0
637	5/2/2005	52	58	43	48	11	18	0	0	0	29	38.451,69	3560	312,04	SIM	13.063.669,53	0	0
638	12/2/2005	42	10	50	41	11	36	0	0	0	65	22.677,35	4518	325,03	SIM	15.643.218,50	0	0
639	16/2/2005	51	39	35	60	45	13	0	0	0	72	17.653,96	5473	231,37	SIM	25.066.531,77	0	0
640	19/2/2005	12	42	59	46	19	60	0	0	0	129	14.012,81	8094	222,49	SIM	28.229.924,76	0	0
641	23/2/2005	17	13	33	9	1	34	0	1	31.923.289,19	366	5.766,38	20840	100,89	NÃO	0	0	0
642	26/2/2005	51	17	56	36	44	40	0	0	0	28	22.758,80	1988	319,34	SIM	1.115.180,94	0	0
643	2/3/2005	14	45	24	37	40	42	0	0	0	41	15.663,14	2694	237,48	SIM	2.239.011,24	0	0
644	5/3/2005	57	29	31	27	34	14	0	0	0	81	10.667,36	4433	194,17	SIM	11.328.156,70	0	0
645	9/3/2005	52	48	24	53	54	3	0	0	0	39	27.310,11	4345	244,2	SIM	13.192.071,41	0	0
646	12/3/2005	13	47	60	32	49	10	0	0	0	79	16.079,41	6173	205	SIM	15.415.049,93	0	0
647	16/3/2005	56	19	11	14	12	54	0	1	17.603.353,15	50	25.009,18	5432	229,34	NÃO	0	0	0
648	19/3/2005	5	48	23	42	45	29	0	3	361.199,61	139	4.454,67	4869	126,69	NÃO	0	0	0
649	23/3/2005	9	54	41	48	33	24	0	0	0	31	15.748,23	2156	225,57	SIM	6.720.868,06	0	0
650	26/3/2005	53	59	25	29	10	24	0	0	0	29	24.322,62	2765	254,15	SIM	7.955.241,21	0	0
651	30/3/2005	39	45	28	26	48	60	0	0	0	36	24.882,92	4356	204,86	SIM	9.522.864,81	0	0
652	2/4/2005	24	18	57	56	10	20	0	0	0	41	27.383,54	3874	288,71	SIM	11.487.633,94	0	0
653	6/4/2005	31	24	19	34	9	5	0	0	0	74	14.994,32	6274	176,18	SIM	13.429.397,87	0	0
654	9/4/2005	10	11	56	40	41	6	0	1	15.767.596,35	66	20.244,14	4745	280,52	NÃO	0	0	0
655	13/4/2005	26	39	1	37	43	48	0	0	0	23	33.457,53	2722	281,64	SIM	7.808.614,22	0	0
656	16/4/2005	59	37	46	36	35	51	0	0	0	24	42.026,73	2623	383,08	SIM	9.573.736,75	0	0
657	20/4/2005	20	59	58	33	60	16	0	1	11.354.235,39	56	18.168,36	3995	253,72	NÃO	0	0	0
658	23/4/2005	41	20	36	3	11	6	0	0	0	31	18.418,26	2883	197,3	SIM	999.190,32	0	0
659	27/4/2005	14	29	40	34	51	52	0	0	0	22	27.222,16	1390	429,22	SIM	7.004.050,46	0	0
660	30/4/2005	53	5	38	54	46	11	0	0	0	58	16.751,00	4204	230,23	SIM	8.704.277,05	0	0
661	4/5/2005	42	40	27	4	55	36	0	0	0	64	15.130,77	4211	229,09	SIM	10.398.923,36	0	0
662	7/5/2005	4	60	56	25	18	23	0	0	0	79	14.974,99	5525	213,31	SIM	12.469.215,44	0	0
663	11/5/2005	1	49	30	55	27	51	0	0	0	64	17.649,82	4020	279,93	SIM	14.445.995,20	0	0
664	14/5/2005	12	1	55	59	38	36	0	0	0	74	18.450,77	4971	273,62	SIM	23.857.740,39	0	0
665	18/5/2005	8	47	7	48	25	18	0	0	0	185	8.538,56	10055	156,51	SIM	26.622.098,55	0	0
666	21/5/2005	7	26	16	29	45	55	0	0	0	77	26.923,37	8122	254,29	SIM	30.250.022,18	0	0
667	25/5/2005	5	23	16	4	49	1	0	1	34.263.173,55	203	11.296,70	15283	149,48	NÃO	0	0	0
668	28/5/2005	49	33	56	2	14	1	0	0	0	53	11.007,74	2814	206,54	SIM	1.020.967,19	0	0
669	1/6/2005	7	41	24	40	49	27	0	1	2.170.216,15	32	20.522,30	2427	269,57	NÃO	0	0	0
670	4/6/2005	42	59	58	37	48	22	0	0	0	24	43.085,53	2895	355,84	SIM	10.792.198,93	0	0
671	8/6/2005	27	16	39	51	9	38	0	0	0	67	16.609,70	4259	260,3	SIM	12.739.685,49	0	0
672	11/6/2005	43	34	53	38	28	24	0	0	0	54	24.277,19	4411	296,08	SIM	15.033.880,01	0	0
673	15/6/2005	6	40	37	11	20	34	0	0	0	72	17.523,73	4792	262,3	SIM	17.241.869,86	0	0
674	18/6/2005	22	32	18	29	42	38	0	0	0	96	16.070,11	5586	275,14	SIM	27.769.536,63	0	0
675	22/6/2005	50	42	30	25	43	24	0	0	0	67	26.180,70	5204	335,79	SIM	30.839.224,48	0	0
676	25/6/2005	49	32	15	9	41	42	0	0	0	94	22.081,78	7583	272,69	SIM	34.471.676,39	0	0
677	29/6/2005	25	10	48	8	32	55	0	0	0	284	8.422,82	12803	186,14	SIM	38.657.818,81	0	0
678	2/7/2005	44	46	31	14	40	42	0	0	0	115	28.311,43	9797	331,07	SIM	44.355.495,36	0	0
679	6/7/2005	37	21	54	3	58	25	0	1	51.890.452,61	448	9.610,91	22087	194,2	NÃO	0	0	0
680	9/7/2005	44	2	26	5	3	22	0	0	0	188	7.276,69	11222	121,45	SIM	19.623.257,97	0	0
681	13/7/2005	59	21	53	25	58	38	0	0	0	62	23.695,09	5210	280,91	SIM	22.194.175,20	0	0
682	16/7/2005	60	37	47	36	4	27	0	0	0	62	25.832,17	5647	282,55	SIM	24.996.965,62	0	0
683	20/7/2005	43	40	12	11	2	35	0	0	0	79	19.666,04	5680	272,49	SIM	27.715.795,78	0	0
684	23/7/2005	50	37	33	40	19	17	0	0	0	81	22.483,66	7103	255,42	SIM	40.669.733,33	0	0
685	27/7/2005	33	27	5	56	12	43	0	1	44.331.219,78	347	6.029,62	15404	135,32	NÃO	0	0	0
686	30/7/2005	33	5	4	54	15	26	0	0	0	47	15.221,72	3901	182,71	SIM	1.251.986,54	0	0
687	3/8/2005	59	48	1	7	41	14	0	0	0	28	25.839,62	2887	249,66	SIM	2.518.128,16	0	0
688	6/8/2005	47	30	52	11	21	35	0	0	0	38	23.920,89	2757	328,45	SIM	4.108.867,61	0	0
689	10/8/2005	6	60	7	31	49	51	0	0	0	29	30.336,11	2998	292,33	SIM	12.298.361,58	0	0
690	13/8/2005	15	41	8	47	12	53	0	0	0	90	13.225,50	5446	217,74	SIM	14.381.378,18	0	0
691	17/8/2005	55	16	58	8	37	50	0	0	0	54	20.629,58	3896	284,85	SIM	16.330.873,12	0	0
692	20/8/2005	33	18	60	11	58	57	0	0	0	71	18.365,13	4995	260,06	SIM	18.612.740,26	0	0
693	24/8/2005	14	50	41	17	31	13	0	0	0	152	8.909,82	7170	188,18	SIM	20.982.752,64	0	0
694	27/8/2005	15	19	29	53	37	41	0	0	0	114	13.859,26	7087	222,1	SIM	31.925.755,05	0	0
695	31/8/2005	13	40	21	52	6	11	0	0	0	76	22.217,91	6333	265,62	SIM	34.880.737,54	0	0
696	3/9/2005	37	16	34	57	53	9	0	2	19.251.302,49	195	10.613,53	10814	190,66	NÃO	0	0	0
697	10/9/2005	53	35	32	31	28	51	0	0	0	27	33.337,57	2895	309,74	SIM	1.575.200,44	0	0
698	14/9/2005	22	8	27	43	55	12	0	0	0	43	16.354,69	3981	175,99	SIM	2.805.890,89	0	0
699	19/9/2005	53	17	50	23	54	48	0	0	0	54	16.259,09	3752	233,13	SIM	12.141.821,41	0	0
700	21/9/2005	2	3	24	40	31	14	0	0	0	53	17.991,31	3584	265,04	SIM	13.810.515,56	0	0
701	24/9/2005	13	1	31	23	60	48	0	0	0	103	11.253,13	5623	205,35	SIM	15.838.891,81	0	0
702	28/9/2005	1	56	18	58	45	57	0	0	0	47	22.868,49	3663	292,31	SIM	17.719.825,24	0	0
703	1/10/2005	30	24	2	45	11	27	0	0	0	123	10.767,16	7343	179,68	SIM	20.037.455,42	0	0
704	5/10/2005	2	27	50	34	18	4	0	0	0	56	22.659,95	5784	218,56	SIM	29.484.065,62	0	0
705	8/10/2005	3	15	11	13	26	43	0	0	0	144	11.780,58	11514	146,78	SIM	32.452.771,10	0	0
706	15/10/2005	22	10	17	7	2	60	0	0	0	282	7.866,56	15980	138,3	SIM	36.334.914,54	0	0
707	19/10/2005	51	8	1	43	10	36	0	2	19.919.975,72	140	14.306,28	12461	160,12	NÃO	0	0	0
708	22/10/2005	45	13	39	47	9	7	0	0	0	102	6.567,35	5998	111,26	SIM	1.172.271,79	0	0
709	26/10/2005	29	22	44	9	6	4	0	0	0	106	5.881,47	5202	119,39	SIM	11.276.978,00	0	0
710	29/10/2005	46	25	5	49	39	34	0	0	0	48	21.483,28	4608	222,94	SIM	13.081.573,14	0	0
711	5/11/2005	10	5	41	59	40	33	0	0	0	79	18.118,11	5840	244,16	SIM	15.586.402,01	0	0
712	9/11/2005	35	7	53	58	8	43	0	0	0	97	12.122,15	5637	207,81	SIM	17.644.136,19	0	0
713	12/11/2005	46	1	26	16	12	54	0	0	0	67	20.438,81	5838	233,68	SIM	20.040.586,54	0	0
714	16/11/2005	17	53	39	8	7	35	0	0	0	113	9.766,45	10955	100,36	SIM	29.611.134,96	0	0
715	19/11/2005	54	36	12	4	33	24	0	3	10.825.809,33	237	6.910,89	13134	124,24	NÃO	0	0	0
716	23/11/2005	29	2	7	50	16	32	0	1	945.382,75	37	14.600,51	2512	214,25	NÃO	0	0	0
717	26/11/2005	28	35	41	17	6	23	0	0	0	68	8.956,76	3816	159	SIM	1.065.855,06	0	0
718	30/11/2005	7	35	21	39	58	33	0	0	0	41	13.759,23	2893	194,26	SIM	2.053.079,87	0	0
719	3/12/2005	39	47	37	53	32	3	0	0	0	63	12.737,00	3553	225	SIM	8.649.484,79	0	0
720	7/12/2005	12	56	44	51	31	54	0	0	0	20	45.658,99	2606	349,09	SIM	10.247.549,36	0	0
721	10/12/2005	14	3	23	55	36	25	0	0	0	99	11.025,33	6723	161,75	SIM	12.157.688,32	0	0
722	14/12/2005	60	36	57	18	44	9	0	0	0	85	12.704,05	5334	201,68	SIM	14.047.415,26	0	0
723	17/12/2005	16	6	52	1	36	50	0	0	0	49	25.242,04	4000	308,05	SIM	16.211.920,28	0	0
724	21/12/2005	34	51	55	17	48	27	0	0	0	102	12.537,87	6190	205,82	SIM	25.450.246,43	0	0
725	31/12/2005	49	9	3	35	37	41	0	2	15.815.987,63	343	10.298,59	20451	172,08	NÃO	0	0	0
726	4/1/2006	40	47	1	5	7	37	0	0	0	35	15.459,49	2838	189,94	SIM	946.893,69	0	0
727	7/1/2006	14	42	12	4	59	30	0	0	0	29	25.008,46	2688	268,79	SIM	2.216.072,86	0	0
728	11/1/2006	44	42	13	8	24	32	0	0	0	81	8.575,31	5381	128,59	SIM	3.431.622,25	0	0
729	14/1/2006	33	56	18	57	43	5	0	1	4.969.519,90	51	17.231,34	5041	173,67	NÃO	0	0	0
730	18/1/2006	45	15	2	54	16	50	0	0	0	34	23.412,97	2824	280,82	SIM	9.358.249,67	0	0
731	21/1/2006	35	6	15	23	28	16	0	0	0	88	11.554,63	6659	152,12	SIM	11.137.662,34	0	0
732	25/1/2006	49	19	53	50	17	6	0	0	0	65	14.610,54	4196	225,48	SIM	12.799.611,64	0	0
733	28/1/2006	12	26	31	43	46	2	0	0	0	67	16.737,98	5110	218,63	SIM	14.762.139,60	0	0
734	1/2/2006	44	45	27	29	43	54	0	1	16.726.569,98	58	19.354,00	3984	280,69	NÃO	0	0	0
735	4/2/2006	40	42	15	52	38	9	0	0	0	33	27.163,91	3043	293,47	SIM	7.826.853,28	0	0
736	8/2/2006	1	21	38	41	56	49	0	0	0	19	47.835,60	2190	413,44	SIM	9.417.386,79	0	0
737	11/2/2006	33	12	24	38	11	32	0	0	0	65	18.730,63	6267	193,54	SIM	11.547.995,59	0	0
738	15/2/2006	15	30	14	42	26	54	0	0	0	47	26.720,69	4178	299,45	SIM	13.745.772,39	0	0
739	18/2/2006	6	45	56	49	35	10	0	0	0	54	25.993,77	4723	296,08	SIM	23.305.073,75	0	0
740	22/2/2006	29	47	12	50	16	28	0	1	26.132.814,65	90	17.953,91	6943	231,85	NÃO	0	0	0
741	25/2/2006	26	39	27	24	59	36	0	0	0	23	28.453,38	2133	305,65	SIM	1.145.248,54	0	0
742	1/3/2006	34	17	7	41	2	50	0	0	0	25	14.199,00	1622	218,02	SIM	1.766.454,86	0	0
743	4/3/2006	54	20	32	60	25	23	0	0	0	28	29.491,22	2762	297,84	SIM	3.211.524,66	0	0
744	8/3/2006	26	46	12	23	39	4	0	0	0	77	10.441,97	5387	148,7	SIM	9.937.380,49	0	0
745	11/3/2006	21	57	37	16	43	2	0	0	0	134	8.604,62	5262	218,3	SIM	11.955.163,21	0	0
746	15/3/2006	49	12	10	57	25	1	0	2	6.995.681,58	114	10.206,52	6686	173,36	NÃO	0	0	0
747	18/3/2006	21	23	56	12	3	2	0	0	0	53	13.079,29	4363	158,28	SIM	1.213.104,40	0	0
748	22/3/2006	1	7	19	51	35	2	0	0	0	74	9.080,42	4519	148,14	SIM	2.389.018,77	0	0
749	25/3/2006	24	47	4	57	48	50	0	0	0	31	26.214,36	2669	303,33	SIM	9.429.097,84	0	0
750	29/3/2006	58	17	54	10	42	33	0	0	0	49	18.795,69	3799	241,51	SIM	11.040.828,28	0	0
751	1/4/2006	4	25	38	50	20	7	0	0	0	74	15.221,68	5579	201,14	SIM	13.012.035,71	15.000.000,00	0
752	5/4/2006	25	4	29	42	24	23	0	0	0	86	13.022,30	6849	162,9	SIM	14.971.892,19	0	0
753	8/4/2006	59	35	43	22	7	2	0	1	17.388.228,32	152	9.083,97	8630	159,4	NÃO	0	0	0
754	12/4/2006	4	42	34	50	3	13	0	0	0	41	14.457,22	2827	208,89	SIM	7.463.330,98	0	0
755	15/4/2006	59	30	47	12	4	49	0	0	0	41	18.319,33	2977	251,35	SIM	8.777.742,92	0	0
756	19/4/2006	37	50	41	5	38	27	0	0	0	34	27.503,13	3135	297,15	SIM	10.414.179,09	0	0
757	22/4/2006	17	32	12	18	58	30	0	0	0	53	17.988,72	3448	275,46	SIM	12.082.632,69	0	0
758	26/4/2006	47	59	1	23	36	43	0	0	0	74	14.352,34	4910	215,49	SIM	13.941.260,58	0	0
759	29/4/2006	59	39	30	31	48	45	0	0	0	38	32.431,50	2588	474,4	SIM	22.265.544,19	0	0
760	3/5/2006	12	17	60	44	46	45	0	0	0	80	16.005,08	5517	231,2	SIM	24.506.255,18	0	0
761	6/5/2006	56	29	17	13	27	40	0	0	0	100	17.175,97	8936	191,48	SIM	27.512.048,76	0	0
762	10/5/2006	39	9	21	12	37	54	0	0	0	143	13.668,11	10120	192,4	SIM	30.932.491,92	0	0
763	13/5/2006	40	47	1	48	9	26	0	0	0	101	23.502,31	7655	308,92	SIM	35.086.525,19	0	0
764	18/5/2006	7	3	55	47	53	45	0	1	40.539.530,90	189	16.486,79	15290	203,03	NÃO	0	0	0
765	21/5/2006	3	37	50	16	30	10	0	0	0	62	15.552,09	4336	221,54	SIM	14.740.248,65	0	0
766	24/5/2006	1	50	19	42	24	58	0	0	0	63	16.857,33	4477	236,31	SIM	16.598.769,93	0	0
767	27/5/2006	22	50	32	38	54	15	0	0	0	62	20.318,55	4419	284	SIM	18.803.331,88	0	0
768	31/5/2006	33	37	59	30	4	8	0	1	21.024.430,31	93	13.647,30	6408	197,31	NÃO	0	0	0
769	3/6/2006	20	21	50	29	12	16	0	0	0	49	14.382,06	3078	228,08	SIM	7.808.149,60	0	0
770	7/6/2006	4	34	25	35	48	12	0	0	0	68	13.703,65	5401	171,88	SIM	9.438.882,88	0	0
771	10/6/2006	29	46	34	47	21	14	0	0	0	69	15.089,83	4559	227,53	SIM	11.260.979,64	0	0
772	14/6/2006	38	51	52	60	10	35	0	0	0	66	13.476,30	5330	166,25	SIM	12.817.492,36	15.000.000,00	0
773	17/6/2006	3	5	51	29	34	14	0	0	0	58	16.454,70	4919	193,29	SIM	14.487.644,71	0	0
774	21/6/2006	37	5	54	58	46	10	0	1	16.319.071,08	64	16.352,03	4336	240,45	NÃO	0	0	0
775	24/6/2006	27	12	46	47	42	50	0	0	0	30	25.559,59	3058	249,8	SIM	7.421.108,15	0	0
776	28/6/2006	57	35	60	41	3	15	0	0	0	56	13.543,61	3075	245,72	SIM	8.748.382,29	0	0
777	1/7/2006	14	50	23	2	28	56	0	0	0	80	10.746,73	3943	217,22	SIM	10.252.923,38	12.000.000,00	0
778	5/7/2006	45	20	36	37	31	51	0	0	0	21	42.785,84	1890	473,6	SIM	11.825.302,87	0	0
779	8/7/2006	36	54	52	25	29	26	0	0	0	26	39.580,32	3127	327,85	SIM	19.016.906,07	0	0
780	12/7/2006	10	50	28	51	59	7	0	0	0	43	26.754,56	3828	299,4	SIM	21.030.186,72	0	0
781	15/7/2006	10	54	8	39	56	13	0	0	0	66	19.809,51	5707	228,22	SIM	23.318.185,27	0	0
782	19/7/2006	11	23	59	42	35	2	0	0	0	144	9.270,41	7533	176,55	SIM	25.654.326,84	0	0
783	22/7/2006	43	21	48	8	4	32	0	1	28.244.624,32	140	10.572,64	8427	174,99	NÃO	0	0	0
784	26/7/2006	42	56	8	37	27	53	0	0	0	27	20.363,80	2163	253,24	SIM	8.240.695,17	0	0
785	29/7/2006	35	5	37	8	48	17	0	1	9.770.979,43	126	6.940,06	6657	130,87	NÃO	0	0	0
786	2/8/2006	27	31	26	11	10	41	0	0	0	19	25.700,08	1521	319,83	SIM	854.527,84	0	0
787	5/8/2006	37	31	20	60	34	54	0	0	0	40	16.922,47	1955	344,93	SIM	2.039.100,64	0	0
788	9/8/2006	31	57	17	19	29	44	0	0	0	62	10.763,88	3247	204,75	SIM	3.206.981,50	0	0
789	12/8/2006	60	39	31	38	6	50	0	0	0	13	62.482,48	1808	447,56	SIM	9.027.559,48	0	0
790	16/8/2006	22	2	19	28	43	6	0	0	0	71	11.717,34	5884	140,86	SIM	10.483.439,10	0	0
791	19/8/2006	42	35	19	9	14	58	0	1	12.212.213,94	114	8.665,54	5756	170,97	NÃO	0	0	0
792	23/8/2006	43	56	9	45	29	34	0	0	0	32	15.844,65	1949	259,17	SIM	887.300,41	0	0
793	26/8/2006	3	51	33	15	16	57	0	0	0	62	10.387,12	3629	176,79	SIM	2.014.302,06	0	0
794	30/8/2006	56	47	55	38	42	3	0	0	0	15	37.006,71	1730	319,66	SIM	7.393.144,45	0	0
795	2/9/2006	14	36	21	29	26	48	0	0	0	76	11.029,20	4389	190,27	SIM	8.860.028,16	0	0
796	6/9/2006	19	24	43	34	39	5	0	0	0	80	9.974,90	4883	162,81	SIM	10.256.514,12	0	0
797	9/9/2006	58	48	52	47	12	6	0	0	0	66	12.566,42	3447	239,7	SIM	11.707.935,01	0	0
798	13/9/2006	32	9	4	52	29	3	0	0	0	48	19.610,77	4104	228,5	SIM	13.355.239,88	0	0
799	16/9/2006	29	35	19	57	42	55	0	0	0	56	19.330,65	4675	230,69	SIM	20.861.429,08	0	0
800	20/9/2006	1	7	56	11	37	38	0	0	0	44	26.411,64	4497	257,44	SIM	22.895.125,15	0	0
801	23/9/2006	20	22	11	19	48	42	0	0	0	73	19.406,93	5791	243,72	SIM	25.374.360,34	0	0
802	27/9/2006	14	24	60	6	18	48	0	0	0	117	12.287,80	8216	174,32	SIM	27.890.287,63	0	0
803	30/9/2006	10	57	28	3	5	21	0	0	0	193	8.993,04	12055	143,44	SIM	30.927.687,90	0	0
804	4/10/2006	13	59	37	56	3	47	0	1	34.172.202,25	134	13.835,88	9937	185,88	NÃO	0	0	0
805	7/10/2006	30	2	48	60	43	36	0	0	0	62	14.428,43	3489	255,42	SIM	11.073.179,39	0	0
806	12/10/2006	60	41	47	26	35	18	0	0	0	50	18.518,81	3179	290,17	SIM	12.693.574,74	0	0
807	14/10/2006	8	27	2	32	56	49	0	0	0	130	7.262,48	6188	152,01	SIM	14.345.789,99	0	0
808	18/10/2006	15	21	31	46	2	57	0	0	0	44	24.446,08	3844	278,76	SIM	16.228.138,27	0	0
809	21/10/2006	25	23	11	5	30	15	0	0	0	121	8.582,38	7669	134,9	SIM	24.143.857,18	0	0
810	25/10/2006	4	33	1	48	5	37	0	0	0	75	17.505,65	6450	202,79	SIM	26.441.472,82	30.000.000,00	0
811	28/10/2006	32	57	28	41	10	47	0	2	14.597.902,39	89	17.684,31	5508	284,67	NÃO	0	0	0
812	1/11/2006	57	39	54	11	38	13	0	0	0	57	9.696,24	2116	260,21	SIM	967.199,74	0	0
813	4/11/2006	23	15	56	46	9	45	0	0	0	43	14.647,97	3244	193,43	SIM	2.069.459,59	0	0
814	8/11/2006	11	2	46	50	8	41	0	0	0	37	18.442,44	2534	268,27	SIM	9.203.290,18	0	0
815	11/11/2006	57	50	9	39	37	19	0	0	0	56	17.528,89	3621	270,06	SIM	10.921.121,58	0	0
816	16/11/2006	21	47	40	52	30	20	0	0	0	21	39.708,11	1885	440,69	SIM	12.380.394,81	0	0
817	18/11/2006	34	43	29	30	10	52	0	0	0	27	34.364,35	2469	374,37	SIM	14.004.110,17	16.000.000,00	0
818	22/11/2006	44	41	22	8	9	25	0	0	0	58	16.865,13	4935	197,47	SIM	15.715.920,16	0	0
819	25/11/2006	51	5	58	46	25	19	0	0	0	105	11.132,90	5868	198,46	SIM	23.874.662,70	0	0
820	29/11/2006	17	45	32	21	10	46	0	2	13.046.320,38	82	15.456,29	5102	247,47	NÃO	0	0	0
821	2/12/2006	4	29	38	36	33	42	0	0	0	37	17.462,93	3307	194,64	SIM	1.130.724,80	0	0
822	6/12/2006	4	17	41	10	27	52	0	0	0	31	19.931,52	2585	238,13	SIM	2.212.009,51	0	0
823	9/12/2006	15	26	59	1	54	51	0	0	0	22	35.180,77	2144	359,62	SIM	3.566.468,83	0	0
824	13/12/2006	33	48	6	7	20	9	0	0	0	53	14.753,39	5002	155,73	SIM	10.044.004,79	0	0
825	16/12/2006	28	21	40	10	41	47	0	0	0	52	19.453,75	4148	242,96	SIM	11.814.295,88	0	0
826	19/12/2006	45	6	8	7	53	27	0	0	0	68	9.188,18	3571	174,3	SIM	12.907.689,09	0	0
827	21/12/2006	24	56	30	51	42	18	0	0	0	47	21.021,73	4106	239,72	SIM	14.636.725,67	0	0
828	23/12/2006	23	50	53	42	28	38	0	0	0	29	40.114,62	3478	333,21	SIM	16.672.542,56	0	0
829	31/12/2006	32	50	14	47	10	56	0	0	0	162	18.311,20	10814	273,27	SIM	30.306.455,18	0	0
830	3/1/2007	53	51	2	41	13	49	0	0	0	94	24.135,05	7705	293,34	SIM	34.276.670,77	0	0
831	6/1/2007	3	50	48	42	32	33	0	0	0	117	31.716,10	12045	306,9	SIM	40.770.541,92	0	0
832	10/1/2007	17	49	15	33	39	23	0	1	52.807.317,17	510	13.486,58	37086	184,77	NÃO	0	0	0
833	13/1/2007	53	58	57	16	46	13	0	0	0	40	19.408,81	2678	288,8	SIM	1.358.616,66	0	0
834	17/1/2007	44	10	17	16	51	34	0	1	2.820.323,56	42	19.887,17	3073	270,78	NÃO	0	0	0
835	20/1/2007	58	31	57	49	33	18	0	0	0	40	28.893,86	4078	282,34	SIM	20.109.130,83	0	0
836	24/1/2007	28	22	38	17	52	59	0	0	0	64	20.981,59	4859	275,31	SIM	22.459.069,62	0	0
837	27/1/2007	16	5	24	34	6	60	0	1	25.067.473,09	73	20.418,03	6233	238,23	NÃO	0	0	0
838	31/1/2007	9	30	47	38	23	44	0	0	0	41	16.256,65	2825	235,05	SIM	1.166.414,58	0	0
839	3/2/2007	11	18	8	7	37	43	0	0	0	77	11.092,88	5314	160,13	SIM	9.548.388,11	0	0
840	7/2/2007	43	29	35	59	31	17	0	0	0	94	11.603,23	5512	197,13	SIM	11.457.118,69	0	0
841	10/2/2007	36	51	32	22	38	7	0	0	0	67	18.656,13	5162	241,23	SIM	13.644.549,97	0	0
842	14/2/2007	51	44	60	9	7	30	0	0	0	58	21.165,39	4700	260,2	SIM	15.792.837,51	0	0
843	17/2/2007	34	48	1	16	45	36	0	0	0	68	19.914,21	5642	239,1	SIM	18.162.628,75	0	0
844	24/2/2007	54	24	44	57	34	16	0	0	0	91	18.846,39	7679	222,5	SIM	29.460.722,37	0	0
845	28/2/2007	40	48	19	20	14	52	0	0	0	67	26.277,83	5308	330,43	SIM	32.541.798,04	0	0
846	3/3/2007	47	54	2	50	3	44	0	0	0	82	24.621,43	6231	322,79	SIM	36.074.973,92	0	0
847	7/3/2007	42	14	44	27	15	48	0	1	40.484.388,84	242	10.411,84	14062	178,5	NÃO	0	0	0
848	10/3/2007	56	34	17	32	47	27	0	1	1.351.049,04	90	8.578,09	4602	167,13	NÃO	0	0	0
849	14/3/2007	8	39	9	58	44	49	0	0	0	33	20.408,37	2208	303,87	SIM	10.859.511,56	0	0
850	17/3/2007	60	22	59	25	44	7	0	0	0	117	9.690,08	6520	173,22	SIM	12.843.555,94	0	0
851	21/3/2007	16	32	35	58	19	3	0	3	4.966.312,44	177	6.635,61	7593	154,1	NÃO	0	0	0
852	24/3/2007	14	38	6	23	44	34	0	0	0	42	16.051,24	3489	192,5	SIM	1.179.766,12	0	0
853	28/3/2007	51	30	59	46	38	56	0	0	0	17	43.287,28	1465	500,41	SIM	2.467.562,79	0	0
854	31/3/2007	17	3	24	27	44	25	0	0	0	88	10.150,39	7056	126,11	SIM	9.795.115,03	0	0
855	4/4/2007	42	3	24	53	43	31	0	0	0	59	16.966,53	3478	286,73	SIM	11.546.909,14	0	0
856	7/4/2007	11	40	41	47	15	42	0	0	0	37	25.678,52	2924	323,71	SIM	13.209.593,04	0	0
857	11/4/2007	17	59	49	2	3	50	0	0	0	71	17.126,48	4732	256	SIM	15.337.557,86	0	0
858	14/4/2007	31	37	54	23	4	18	0	2	8.889.537,74	185	7.541,37	8821	157,56	NÃO	0	0	0
859	18/4/2007	46	47	12	57	34	9	0	0	0	35	18.296,99	3275	194,8	SIM	7.624.012,41	0	0
860	23/4/2007	22	8	17	42	44	2	0	0	0	111	8.602,66	6853	138,82	SIM	9.295.079,41	0	0
861	25/4/2007	42	40	60	59	47	39	0	1	10.840.760,96	34	25.977,84	2296	383,23	NÃO	0	0	0
862	28/4/2007	19	35	12	2	11	8	0	1	1.152.211,30	99	6.650,57	5632	116,46	NÃO	0	0	0
863	2/5/2007	32	53	50	57	15	24	0	0	0	25	18.975,51	1454	325,04	SIM	830.178,33	0	0
864	5/5/2007	31	11	33	42	57	8	0	0	0	47	16.053,56	2926	256,9	SIM	6.807.400,00	0	0
865	9/5/2007	27	23	41	51	26	53	0	0	0	28	31.424,15	2694	325,36	SIM	8.347.183,58	0	0
866	12/5/2007	36	48	27	40	5	46	0	0	0	46	23.174,32	3704	286,71	SIM	10.212.715,83	0	0
867	16/5/2007	54	26	28	19	44	10	0	0	0	51	20.699,48	4381	240,06	SIM	12.060.144,51	0	0
868	19/5/2007	57	51	21	22	25	40	0	0	0	37	32.369,99	3453	345,54	SIM	14.156.101,29	16.000.000,00	0
869	23/5/2007	29	42	50	51	49	27	0	1	16.192.436,64	57	20.414,39	3912	296,32	NÃO	0	9.000.000,00	0
870	26/5/2007	52	8	43	34	40	21	0	0	0	26	34.488,20	2923	305,61	SIM	8.272.810,82	10.000.000,00	0
871	30/5/2007	17	5	58	1	47	10	0	0	0	80	12.453,39	6225	159,45	SIM	10.016.284,93	12.000.000,00	0
872	2/6/2007	18	55	58	43	31	5	0	0	0	81	14.747,74	4636	256,7	SIM	12.106.777,43	14.000.000,00	0
873	6/6/2007	57	59	4	34	19	30	0	0	0	70	17.932,61	5051	247,59	SIM	14.303.522,62	17.000.000,00	0
874	9/6/2007	59	20	52	42	44	10	0	0	0	32	39.615,01	3024	417,62	SIM	23.535.080,88	26.000.000,00	0
875	13/6/2007	53	18	36	58	24	20	0	1	26.631.943,24	153	11.566,24	8240	213,95	NÃO	0	1.500.000,00	0
876	16/6/2007	4	12	41	45	60	8	0	0	0	30	29.219,33	3847	227	SIM	1.534.014,85	3.000.000,00	0
877	20/6/2007	13	15	20	31	28	36	0	0	0	69	14.440,64	4817	206,07	SIM	3.277.722,23	5.000.000,00	0
878	23/6/2007	37	12	43	38	11	54	0	0	0	33	29.970,93	3702	266,16	SIM	5.008.543,30	7.000.000,00	0
879	27/6/2007	29	10	46	35	42	28	0	0	0	45	21.995,08	3852	255,98	SIM	13.767.454,24	16.000.000,00	0
880	30/6/2007	51	30	49	25	37	46	0	0	0	46	28.154,03	4314	299,07	SIM	16.033.853,70	18.000.000,00	0
881	4/7/2007	43	24	4	51	18	56	0	0	0	99	14.336,70	6959	203,19	SIM	18.517.686,08	22.000.000,00	0
882	7/7/2007	42	45	44	60	41	17	0	1	21.492.982,24	81	20.989,74	6642	255	NÃO	0	1.300.000,00	0
883	11/7/2007	21	37	60	32	52	53	0	0	0	13	51.899,42	1494	449,89	SIM	1.180.711,67	2.500.000,00	0
884	14/7/2007	22	11	2	14	39	12	0	0	0	56	15.846,82	4752	186,05	SIM	10.204.577,30	12.000.000,00	0
885	18/7/2007	13	4	31	33	47	51	0	0	0	114	9.254,88	6503	161,63	SIM	12.050.926,17	14.000.000,00	0
886	21/7/2007	50	55	37	33	59	17	0	0	0	100	12.422,33	5764	214,7	SIM	14.224.834,41	17.000.000,00	0
887	25/7/2007	44	12	32	21	1	34	0	0	0	79	15.886,22	4885	255,94	SIM	16.421.104,66	20.000.000,00	0
888	28/7/2007	50	24	40	54	52	60	0	1	18.947.548,96	50	28.873,65	3672	391,67	NÃO	0	1.000.000,00	0
889	1/8/2007	34	54	20	39	60	24	0	0	0	21	30.883,09	1733	372,81	SIM	8.190.614,89	10.000.000,00	0
890	4/8/2007	9	21	22	7	17	54	0	0	0	105	10.715,07	6983	160,51	SIM	10.159.508,19	12.000.000,00	0
891	8/8/2007	15	22	19	35	34	16	0	0	0	92	13.781,11	6400	197,35	SIM	12.378.266,60	15.000.000,00	0
892	11/8/2007	1	49	52	42	19	44	0	0	0	54	28.078,08	4782	315,87	SIM	15.031.644,65	18.000.000,00	0
893	15/8/2007	56	53	51	26	18	3	0	0	0	105	14.747,51	6595	233,91	SIM	17.741.499,79	21.000.000,00	0
894	18/8/2007	37	24	44	28	20	41	0	0	0	59	31.502,25	6653	278,31	SIM	30.139.459,45	33.000.000,00	0
895	22/8/2007	2	55	41	43	57	58	0	0	0	82	29.366,19	6473	370,6	SIM	34.353.506,77	40.000.000,00	0
896	25/8/2007	31	11	41	35	22	5	0	0	0	98	31.002,68	10769	281,06	SIM	39.670.465,09	45.000.000,00	0
897	29/8/2007	21	57	46	22	7	43	0	0	0	212	18.019,32	16644	228,65	SIM	46.355.633,71	54.000.000,00	0
898	1/9/2007	4	8	3	54	45	30	0	2	27.782.053,83	596	8.828,84	27120	193,29	NÃO	0	1.500.000,00	0
899	5/9/2007	58	18	54	36	53	20	0	0	0	948	951,79	3559	252,57	SIM	20.867.361,42	24.000.000,00	0
900	8/9/2007	4	21	59	18	38	34	0	1	23.334.752,92	89	15.842,00	6184	227,14	NÃO	0	1.500.000,00	0
901	12/9/2007	32	34	16	13	56	33	0	0	0	100	9.381,13	5617	166,39	SIM	1.641.698,41	3.500.000,00	0
902	15/9/2007	52	55	23	50	58	18	0	0	0	68	17.237,57	3490	334,59	SIM	3.692.969,85	6.000.000,00	0
903	19/9/2007	17	5	32	55	20	41	0	0	0	62	19.346,40	4688	254,89	SIM	5.792.054,30	8.000.000,00	0
904	22/9/2007	32	44	59	53	48	51	0	0	0	72	18.874,08	4007	337,86	SIM	15.768.458,93	18.000.000,00	0
905	26/9/2007	4	15	57	55	2	16	0	1	18.405.503,18	89	16.931,26	6223	241,23	NÃO	0	1.500.000,00	0
906	29/9/2007	35	39	29	24	7	14	0	1	1.583.115,71	49	18.461,99	4239	212,6	NÃO	0	1.500.000,00	0
907	3/10/2007	9	41	53	37	36	51	0	0	0	25	32.080,72	2244	356,05	SIM	1.403.531,54	3.000.000,00	0
908	6/10/2007	19	1	9	25	50	52	0	0	0	120	8.660,71	6205	166,86	SIM	3.222.281,26	5.000.000,00	0
909	10/10/2007	42	17	26	38	28	22	0	0	0	48	21.301,42	4586	222,11	SIM	11.605.715,34	14.000.000,00	0
910	13/10/2007	53	29	36	3	15	27	0	0	0	107	10.618,33	6512	173,81	SIM	13.593.997,94	16.000.000,00	0
911	17/10/2007	49	46	1	29	6	28	0	1	15.981.772,55	63	21.657,82	5376	252,84	NÃO	0	1.500.000,00	0
912	20/10/2007	26	21	54	4	19	29	0	0	0	62	13.412,10	4474	185,16	SIM	1.455.212,96	3.000.000,00	0
913	24/10/2007	30	14	59	36	46	38	0	1	2.915.782,13	27	30.911,51	2683	309,9	NÃO	0	1.200.000,00	0
914	27/10/2007	33	51	9	23	45	12	0	0	0	64	12.406,06	4731	167,2	SIM	7.590.419,67	10.000.000,00	0
915	31/10/2007	20	28	49	26	17	48	0	1	9.448.268,16	44	24.127,91	3580	295,43	NÃO	0	1.500.000,00	0
916	3/11/2007	33	37	5	38	28	36	0	0	0	144	4.648,18	3220	207,09	SIM	1.171.341,29	2.500.000,00	0
917	7/11/2007	23	59	25	47	46	30	0	0	0	61	14.133,49	3491	246,03	SIM	2.680.091,97	4.000.000,00	0
918	10/11/2007	38	44	8	4	12	52	0	0	0	135	7.591,36	6883	148,33	SIM	4.473.550,36	6.000.000,00	0
919	14/11/2007	43	25	41	60	31	3	0	0	0	37	28.441,93	3505	299,1	SIM	12.153.032,42	14.000.000,00	0
920	17/11/2007	17	57	55	24	52	5	0	0	0	94	12.657,72	6584	180,04	SIM	14.235.226,59	16.000.000,00	0
921	21/11/2007	35	41	1	57	9	48	0	0	0	62	21.395,20	4365	302,75	SIM	16.556.605,48	20.000.000,00	0
922	24/11/2007	41	49	45	19	13	12	0	0	0	136	11.821,04	8735	183,36	SIM	19.370.014,34	22.000.000,00	0
923	28/11/2007	53	39	2	50	57	15	0	0	0	90	19.370,44	6122	283,68	SIM	22.420.857,89	26.000.000,00	0
924	1/12/2007	51	27	60	21	20	2	0	0	0	90	22.081,88	7236	273,61	SIM	35.717.127,33	40.000.000,00	0
925	5/12/2007	52	37	46	8	22	36	0	1	40.628.613,64	132	21.261,85	10214	273,74	NÃO	0	1.200.000,00	0
926	8/12/2007	40	41	34	33	21	59	0	0	0	24	35.599,69	2019	421,58	SIM	1.495.186,73	3.000.000,00	0
927	12/12/2007	36	26	31	23	19	33	0	0	0	45	20.517,91	3499	262,88	SIM	3.110.971,95	5.000.000,00	0
928	15/12/2007	32	10	49	60	4	33	18.230.080,50	1	5.077.029,42	43	26.127,01	4246	263,59	NÃO	0	1.000.000,00	0
929	19/12/2007	16	49	35	39	57	27	0	0	0	42	18.094,16	3095	244,61	SIM	9.414.519,05	11.000.000,00	0
930	22/12/2007	46	20	55	37	28	49	0	0	0	73	18.344,90	5481	243,81	SIM	11.758.079,40	16.000.000,00	0
931	31/12/2007	17	34	7	36	39	19	0	0	0	245	9.393,97	14573	157,93	SIM	15.785.742,06	20.000.000,00	0
932	5/1/2008	2	21	42	53	36	17	0	1	19.685.655,01	196	11.370,01	10515	211,94	NÃO	0	1.300.000,00	0
933	9/1/2008	25	39	45	51	8	14	0	0	0	66	11.712,22	3308	233,68	SIM	1.352.761,06	3.000.000,00	0
934	12/1/2008	25	48	44	3	21	1	0	0	0	55	17.289,83	5101	186,42	SIM	12.508.366,08	15.000.000,00	0
935	16/1/2008	7	45	18	13	29	31	0	0	0	243	5.396,61	10898	120,33	SIM	14.803.274,65	17.000.000,00	0
936	19/1/2008	5	33	14	29	44	22	0	2	8.699.137,89	144	10.297,63	9280	159,79	NÃO	0	1.200.000,00	0
937	23/1/2008	22	41	2	30	21	52	0	0	0	20	36.413,65	1763	413,09	SIM	1.274.477,80	3.000.000,00	0
938	26/1/2008	35	15	27	57	50	59	0	0	0	39	23.406,66	3235	282,18	SIM	2.871.982,33	5.000.000,00	0
939	30/1/2008	6	23	19	50	37	49	0	0	0	103	9.216,78	5670	167,43	SIM	11.264.174,77	13.500.000,00	0
940	2/2/2008	25	33	51	31	5	37	0	0	0	109	11.635,12	6936	182,85	SIM	13.483.573,63	15.000.000,00	0
941	6/2/2008	11	15	10	27	60	53	0	0	0	37	20.206,51	3406	219,51	SIM	14.791.945,07	16.000.000,00	0
942	9/2/2008	5	52	18	8	59	42	0	0	0	73	20.890,58	5310	287,2	SIM	17.460.716,85	20.000.000,00	0
943	13/2/2008	47	41	58	3	23	12	0	1	20.498.366,41	116	14.963,79	7783	223,02	NÃO	0	1.100.000,00	0
944	16/2/2008	16	58	43	37	52	59	0	0	0	21	38.432,28	2669	302,39	SIM	9.017.085,00	11.000.000,00	0
945	20/2/2008	44	8	59	54	4	27	0	0	0	118	9.974,16	6615	177,92	SIM	11.076.748,93	13.000.000,00	0
946	23/2/2008	59	1	47	5	52	12	0	0	0	92	15.029,80	6373	216,97	SIM	13.496.546,46	16.000.000,00	0
947	27/2/2008	33	11	3	58	14	5	0	1	16.035.424,27	95	15.271,45	8955	162,01	NÃO	0	1.500.000,00	0
948	1/3/2008	22	44	41	46	52	54	0	0	0	30	27.177,27	2141	380,81	SIM	1.426.806,41	3.000.000,00	0
949	5/3/2008	44	1	51	52	41	23	0	0	0	28	31.580,90	2679	330,08	SIM	10.111.849,01	12.000.000,00	0
950	8/3/2008	48	59	49	41	42	23	0	0	0	43	30.111,09	3953	327,54	SIM	12.377.708,64	15.000.000,00	0
951	12/3/2008	49	24	39	34	55	14	0	0	0	41	33.969,92	3894	357,67	SIM	14.815.050,33	17.000.000,00	0
952	15/3/2008	54	11	27	18	2	30	0	0	0	132	11.947,28	7126	221,31	SIM	17.574.870,51	20.000.000,00	0
953	19/3/2008	55	48	1	39	16	42	0	1	20.509.951,37	71	23.622,38	5055	331,79	NÃO	0	1.200.000,00	0
954	22/3/2008	8	5	24	18	57	33	0	0	0	81	7.848,36	5213	121,95	SIM	9.334.367,34	11.000.000,00	0
955	26/3/2008	35	5	32	21	33	12	0	2	5.678.963,92	90	12.848,01	6180	187,11	NÃO	0	1.200.000,00	0
956	29/3/2008	46	51	47	59	54	57	0	1	1.385.109,95	38	20.828,72	2468	320,7	NÃO	0	1.300.000,00	0
957	2/4/2008	50	32	25	34	57	24	0	0	0	24	30.247,28	2210	328,48	SIM	1.270.385,50	2.500.000,00	0
958	5/4/2008	13	22	7	33	51	48	0	3	978.205,14	269	3.535,28	8718	109,09	NÃO	0	1.300.000,00	0
959	9/4/2008	57	3	5	11	33	39	0	0	0	138	5.376,40	7139	103,93	SIM	6.756.745,86	8.500.000,00	0
960	12/4/2008	34	6	33	18	53	19	0	0	0	73	15.299,06	4852	230,18	SIM	8.711.201,48	11.000.000,00	0
961	16/4/2008	16	53	2	4	21	36	0	0	0	81	15.330,15	7193	172,63	SIM	10.884.250,08	13.000.000,00	0
962	19/4/2008	2	48	49	40	55	11	0	1	13.272.508,39	41	33.285,83	3554	384	NÃO	0	1.200.000,00	0
963	23/4/2008	37	17	15	50	48	59	0	0	0	30	20.269,81	2644	229,99	SIM	1.064.165,04	2.300.000,00	0
964	26/4/2008	42	13	33	20	8	26	0	0	0	125	7.097,23	6128	144,77	SIM	9.139.860,10	11.000.000,00	0
965	30/4/2008	36	39	57	58	5	30	0	0	0	61	18.625,79	3934	288,81	SIM	11.128.162,61	13.000.000,00	0
966	3/5/2008	1	58	26	28	4	41	0	0	0	55	21.206,52	4397	265,26	SIM	13.169.290,24	15.000.000,00	0
967	7/5/2008	18	14	57	30	13	5	0	0	0	91	15.768,06	7445	192,74	SIM	15.680.353,75	18.000.000,00	0
968	10/5/2008	30	4	13	60	51	1	0	0	0	124	13.308,65	9572	172,41	SIM	18.568.330,65	22.000.000,00	0
969	14/5/2008	56	35	50	13	41	25	0	1	21.823.614,22	82	22.684,90	6898	269,67	NÃO	0	11.000.000,00	0
970	17/5/2008	57	34	5	54	28	21	0	3	3.712.467,76	108	10.992,48	6144	193,23	NÃO	0	1.300.000,00	0
971	21/5/2008	4	14	33	44	11	45	0	0	0	66	11.508,75	4390	173,02	SIM	1.329.260,36	2.700.000,00	0
972	24/5/2008	33	18	15	56	31	34	0	3	912.435,75	723	1.112,86	4082	197,11	NÃO	0	1.200.000,00	0
973	28/5/2008	53	36	8	30	1	47	0	0	0	36	19.679,25	2274	311,55	SIM	1.239.792,94	2.500.000,00	0
974	31/5/2008	45	20	38	31	16	12	0	0	0	93	10.307,56	4213	227,53	SIM	8.440.373,33	11.000.000,00	0
975	4/6/2008	33	9	37	40	41	30	0	0	0	55	25.191,37	4524	306,26	SIM	10.865.043,23	13.500.000,00	0
976	7/6/2008	28	53	38	23	14	25	0	0	0	74	21.152,88	6395	244,77	SIM	13.604.340,57	16.000.000,00	0
977	11/6/2008	17	3	9	32	7	5	0	1	16.584.111,63	452	3.767,10	24482	69,55	NÃO	0	1.300.000,00	0
978	14/6/2008	42	58	12	18	16	27	0	0	0	69	13.220,26	4616	197,61	SIM	1.596.346,74	3.500.000,00	0
979	18/6/2008	28	3	39	51	31	15	0	0	0	42	23.261,38	3714	263,05	SIM	11.484.484,11	13.000.000,00	0
980	21/6/2008	35	17	59	15	36	29	0	0	0	88	16.054,57	6837	206,64	SIM	13.956.888,71	16.000.000,00	0
981	25/6/2008	8	41	53	1	58	34	0	0	0	74	20.200,29	4974	300,53	SIM	16.572.825,97	19.000.000,00	0
982	28/6/2008	12	24	8	40	43	49	0	0	0	125	14.102,62	8510	207,15	SIM	19.657.775,24	23.000.000,00	0
983	2/7/2008	38	45	40	16	32	22	0	1	24.038.180,79	244	10.258,56	9930	252,07	NÃO	0	1.500.000,00	0
984	5/7/2008	46	20	4	43	47	10	0	0	0	38	26.313,69	2643	378,33	SIM	11.966.686,94	15.000.000,00	0
985	9/7/2008	4	56	18	59	46	16	0	0	0	55	26.215,60	4846	297,54	SIM	14.489.938,27	17.000.000,00	0
986	12/7/2008	32	6	31	24	15	19	0	0	0	120	15.043,78	7953	226,99	SIM	17.649.132,28	21.000.000,00	0
987	16/7/2008	47	27	13	31	34	58	0	0	0	193	10.707,60	10923	189,19	SIM	21.265.623,87	25.000.000,00	0
988	19/7/2008	48	17	46	56	60	8	0	0	0	73	31.767,36	6874	337,36	SIM	25.323.903,99	30.000.000,00	0
989	23/7/2008	38	21	27	2	29	32	0	0	0	130	23.437,38	10296	295,93	SIM	44.005.353,43	52.000.000,00	0
990	26/7/2008	29	18	2	15	10	39	0	2	26.586.140,51	290	18.062,91	20863	251,08	NÃO	0	2.000.000,00	0
991	30/7/2008	8	38	60	41	15	9	0	0	0	36	26.823,95	3028	318,91	SIM	1.689.908,71	4.000.000,00	0
992	2/8/2008	6	8	4	1	25	28	0	0	0	330	3.731,21	13216	93,17	SIM	3.844.685,43	6.000.000,00	0
993	6/8/2008	26	25	42	60	5	24	0	0	0	68	18.539,43	5121	246,18	SIM	6.166.992,80	8.500.000,00	331.758,21
994	9/8/2008	44	40	58	29	3	20	0	0	0	47	31.786,28	3838	389,25	SIM	21.402.602,80	25.000.000,00	724.904,25
995	13/8/2008	4	54	55	36	16	31	0	0	0	76	24.991,48	6790	279,73	SIM	24.901.410,33	30.000.000,00	1.224.733,92
996	16/8/2008	21	23	20	7	29	15	0	2	14.458.257,67	165	13.209,87	11901	183,15	NÃO	0	1.500.000,00	1.798.320,37
997	20/8/2008	18	53	55	32	9	17	0	0	0	40	22.382,42	3203	279,52	SIM	1.649.230,73	3.600.000,00	2.033.924,78
998	23/8/2008	28	21	4	32	3	22	0	0	0	40	27.708,98	4526	244,89	SIM	3.690.945,05	6.000.000,00	2.325.598,27
999	27/8/2008	44	36	55	58	18	24	0	0	0	103	11.227,56	6681	173,09	SIM	14.203.313,76	17.000.000,00	2.629.924,18
1000	30/8/2008	49	58	53	39	38	29	0	0	0	41	42.451,22	3771	461,55	SIM	17.409.498,46	21.000.000,00	3.087.950,58
1001	3/9/2008	15	37	27	12	60	51	0	0	0	87	22.084,42	7074	271,6	SIM	20.948.817,14	25.000.000,00	3.593.567,54
1002	6/9/2008	3	31	7	25	40	58	0	1	24.880.988,57	174	12.267,86	10015	213,14	NÃO	0	1.500.000,00	4.155.306,33
1003	10/9/2008	10	27	23	5	16	26	0	1	1.609.524,90	86	10.159,79	5694	153,45	NÃO	0	1.500.000,00	4.385.238,47
1004	13/9/2008	45	47	29	40	44	43	0	0	0	34	27.732,08	2419	389,79	SIM	10.552.054,80	13.000.000,00	4.633.367,62
1005	17/9/2008	6	41	4	37	12	42	0	1	12.989.451,54	67	19.748,63	5871	225,37	NÃO	0	1.500.000,00	4.981.567,17
1006	20/9/2008	48	17	4	33	55	2	0	1	1.675.260,09	136	6.686,96	5935	153,23	NÃO	0	1.500.000,00	5.220.890,05
1007	24/9/2008	49	27	4	36	52	37	0	0	0	46	17.494,40	2884	279,04	SIM	1.482.420,65	3.500.000,00	5.432.664,44
1008	27/9/2008	7	15	42	48	34	13	0	0	0	159	6.334,47	8123	124	SIM	3.337.751,69	5.000.000,00	5.697.711,74
1009	1/10/2008	34	12	1	6	58	29	0	2	2.591.825,61	111	9.027,57	5083	197,14	NÃO	0	8.000.000,00	5.961.411,68
1010	4/10/2008	2	46	3	37	13	54	0	0	0	61	18.487,52	4679	241,02	SIM	7.920.807,17	10.000.000,00	6.258.185,06
1011	8/10/2008	30	2	52	21	11	35	0	0	0	113	10.999,46	3889	319,6	SIM	10.210.432,01	12.500.000,00	6.585.274,33
1012	11/10/2008	47	19	58	14	40	55	0	0	0	43	34.250,51	3755	392,21	SIM	12.923.432,48	16.000.000,00	6.972.845,83
1013	15/10/2008	7	9	20	41	12	19	0	1	15.668.367,92	178	8.371,40	10125	147,17	NÃO	0	1.600.000,00	7.364.979,48
1014	18/10/2008	60	57	9	25	8	41	0	0	0	65	13.760,77	3861	231,66	SIM	8.859.049,04	11.000.000,00	7.600.361,16
1015	22/10/2008	49	8	28	3	26	17	0	0	0	110	11.111,50	8105	150,81	SIM	11.110.589,81	14.000.000,00	7.922.009,86
1016	25/10/2008	11	9	25	5	60	20	0	1	13.814.409,97	174	8.435,56	9476	154,89	NÃO	0	1.600.000,00	8.308.269,91
1017	29/10/2008	31	51	19	6	56	34	0	0	0	36	21.980,86	2885	274,29	SIM	1.457.677,69	3.000.000,00	8.516.509,59
1018	1/11/2008	55	51	58	9	44	24	0	0	0	35	29.464,79	4170	247,31	SIM	3.357.381,15	5.000.000,00	8.787.895,81
1019	5/11/2008	29	47	4	13	46	23	0	0	0	77	14.084,12	6124	177,09	SIM	11.835.965,99	15.000.000,00	9.073.284,66
1020	8/11/2008	19	32	52	1	2	39	0	0	0	56	27.920,81	4646	336,54	SIM	14.716.218,54	18.000.000,00	9.484.749,33
1021	12/11/2008	42	55	51	43	2	33	0	1	17.819.642,97	46	36.624,26	4247	396,69	NÃO	0	1.500.000,00	9.928.095,69
1022	16/11/2008	31	21	40	39	56	5	0	0	0	21	31.512,19	1505	439,7	SIM	1.219.024,12	3.000.000,00	10.102.242,01
1023	19/11/2008	45	40	2	7	18	8	0	0	0	65	14.980,07	4937	197,23	SIM	3.012.691,11	5.000.000,00	10.358.480,18
1024	22/11/2008	28	53	18	39	22	29	0	0	0	23	48.677,51	2722	411,31	SIM	12.026.299,10	15.000.000,00	10.653.107,22
1025	26/11/2008	52	40	29	27	28	10	0	0	0	34	44.097,09	3705	404,67	SIM	14.788.169,28	18.000.000,00	11.047.660,11
1026	29/11/2008	10	33	51	53	6	17	0	0	0	92	19.600,34	7192	250,73	SIM	18.109.910,47	22.000.000,00	11.522.194,58
1027	3/12/2008	20	18	47	44	60	33	0	0	0	112	19.031,09	6992	304,85	SIM	22.036.323,69	26.000.000,00	12.083.110,77
1028	6/12/2008	54	26	34	51	20	52	0	0	0	66	39.415,99	5453	477,07	SIM	26.828.477,85	32.000.000,00	12.767.704,24
1029	10/12/2008	17	5	16	24	20	32	0	1	32.271.347,11	262	11.277,48	17979	164,34	NÃO	0	15.000.000,00	13.545.257,02
1030	13/12/2008	57	8	54	1	23	37	0	0	0	123	12.938,02	7495	212,33	SIM	15.656.941,29	19.000.000,00	13.964.040,25
1031	17/12/2008	49	33	24	40	46	43	0	1	19.067.463,74	59	31.380,11	5508	336,14	NÃO	0	1.600.000,00	14.451.257,75
1032	20/12/2008	57	43	15	29	26	16	0	0	0	49	22.063,82	3682	293,63	SIM	1.991.549,91	4.000.000,00	14.735.764,89
1033	24/12/2008	39	6	5	33	54	17	0	0	0	83	13.662,29	6445	175,95	SIM	4.080.441,78	6.000.000,00	15.034.178,04
1034	27/12/2008	20	42	1	3	49	18	0	0	0	61	19.548,37	4635	257,27	SIM	29.557.027,04	35.000.000,00	29.557.027,04
1035	31/12/2008	51	60	1	11	59	26	0	0	0	289	14.028,04	19044	212,88	SIM	37.025.110,94	45.000.000,00	1.066.869,15
1036	3/1/2009	27	39	36	10	41	52	0	1	44.550.370,27	177	23.079,89	11703	349,07	NÃO	0	2.000.000,00	2.141.906,21
1037	7/1/2009	56	36	4	44	46	53	0	0	0	27	41.327,23	3108	359,02	SIM	2.055.486,11	4.300.000,00	2.435.547,10
1038	10/1/2009	51	7	6	28	35	43	0	0	0	80	16.894,25	5438	248,54	SIM	4.545.165,59	7.500.000,00	2.791.215,61
1039	14/1/2009	52	2	20	27	36	24	0	0	0	96	15.555,92	6631	225,21	SIM	21.306.617,42	25.000.000,00	3.184.207,15
1040	17/1/2009	44	1	28	55	6	39	0	0	0	66	31.738,53	6431	325,73	SIM	25.165.354,54	30.000.000,00	3.735.455,32
1041	21/1/2009	12	10	36	54	44	57	0	1	29.372.147,91	82	27.849,85	8071	282,95	NÃO	0	1.500.000,00	4.336.425,82
1042	24/1/2009	25	46	51	18	13	30	0	0	0	79	13.627,16	4761	226,12	SIM	1.983.110,38	4.500.000,00	4.619.727,32
1043	28/1/2009	25	14	51	48	60	21	0	0	0	35	33.115,91	3197	362,55	SIM	4.118.214,61	7.000.000,00	4.924.742,23
1044	31/1/2009	58	10	39	11	13	35	0	0	0	79	17.589,08	6346	218,96	SIM	15.945.179,95	20.000.000,00	5.290.409,89
1045	4/2/2009	31	6	5	17	50	1	0	0	0	102	17.541,75	8623	207,5	SIM	19.241.182,43	23.000.000,00	5.761.267,40
1046	7/2/2009	57	40	28	42	54	55	35.145.764,50	1	23.031.543,81	49	41.992,34	4875	422,08	NÃO	0	1.500.000,00	6.302.747,62
1047	11/2/2009	1	2	10	48	14	8	0	0	0	148	6.309,40	8110	115,14	SIM	1.720.141,14	3.500.000,00	6.548.482,08
1048	14/2/2009	57	3	38	21	28	16	0	1	3.901.088,76	70	16.913,47	4990	237,26	NÃO	0	1.700.000,00	6.860.046,04
1049	18/2/2009	34	17	52	5	2	29	0	1	1.636.050,81	143	6.210,78	6295	141,09	NÃO	0	10.000.000,00	7.093.767,61
1050	21/2/2009	60	14	45	24	33	26	0	0	0	66	18.549,47	4590	266,73	SIM	10.189.998,98	12.000.000,00	7.415.942,68
1051	25/2/2009	57	11	7	43	10	13	0	0	0	66	11.893,94	5281	148,65	SIM	11.636.051,15	14.000.000,00	7.622.521,57
1052	28/2/2009	8	11	16	15	57	52	0	1	14.557.865,34	77	20.599,07	5743	276,18	NÃO	0	1.500.000,00	8.039.923,61
1053	4/3/2009	15	42	27	53	34	49	0	1	1.629.650,34	112	7.898,82	4385	201,75	NÃO	0	1.500.000,00	8.272.730,82
1054	7/3/2009	41	27	13	60	14	18	0	0	0	37	26.092,87	3567	270,66	SIM	8.083.746,30	10.000.000,00	8.526.792,98
1055	11/3/2009	27	32	15	12	20	16	0	2	5.273.833,35	86	15.552,99	6311	211,94	NÃO	0	1.500.000,00	8.878.781,62
1056	14/3/2009	38	8	50	53	59	6	0	1	1.872.397,32	23	44.193,23	2350	432,53	NÃO	0	1.600.000,00	9.146.266,97
1057	18/3/2009	15	49	59	4	3	2	0	0	0	46	18.772,07	3923	220,12	SIM	1.590.685,29	3.000.000,00	9.373.507,73
1058	21/3/2009	20	51	57	45	24	18	0	1	3.671.709,67	50	22.593,98	3853	293,2	NÃO	0	1.800.000,00	9.670.796,94
1059	25/3/2009	37	1	14	45	12	16	0	1	1.600.783,97	63	13.793,60	4089	212,52	NÃO	0	8.000.000,00	9.899.480,38
1060	28/3/2009	1	41	3	18	16	42	0	1	8.287.163,48	60	20.333,07	5220	233,71	NÃO	0	1.500.000,00	10.220.528,85
1061	1/4/2009	9	41	56	23	21	30	0	0	0	29	29.790,04	2579	334,98	SIM	1.591.415,12	3.500.000,00	10.447.873,88
1062	4/4/2009	55	8	2	37	23	33	0	0	0	114	9.967,04	6442	176,38	SIM	3.684.492,68	6.000.000,00	10.746.884,98
1063	8/4/2009	49	1	22	47	44	50	0	0	0	68	17.776,43	4202	287,67	SIM	5.911.224,82	8.000.000,00	11.064.989,58
1064	11/4/2009	28	4	19	16	49	29	0	0	0	74	15.699,66	5517	210,58	SIM	14.524.789,16	17.000.000,00	11.370.719,78
1065	15/4/2009	7	57	19	43	39	30	0	0	0	72	23.596,92	6501	261,34	SIM	17.654.485,48	21.000.000,00	11.817.819,26
1066	18/4/2009	10	43	49	32	25	6	0	0	0	115	18.205,45	8153	256,79	SIM	21.511.165,79	25.000.000,00	12.368.773,61
1067	22/4/2009	14	10	56	25	4	28	0	0	0	172	11.762,29	10795	267,73	SIM	25.237.954,47	30.000.000,00	12.901.172,01
1068	25/4/2009	44	48	25	57	27	47	0	0	0	146	19.264,05	10795	372,2	SIM	30.418.969,33	36.000.000,00	13.641.317,01
1069	29/4/2009	28	17	49	53	45	9	0	1	36.400.425,15	275	11.807,55	16287	284,8	NÃO	0	17.000.000,00	14.495.810,71
1070	2/5/2009	41	53	8	23	5	16	0	2	8.120.833,45	302	4.478,33	8729	221,34	NÃO	0	1.500.000,00	14.851.720,31
1071	6/5/2009	5	37	43	7	53	54	0	0	0	56	17.508,53	3846	364,19	SIM	1.806.143,13	4.000.000,00	15.109.740,78
1072	9/5/2009	19	18	54	47	43	9	0	0	0	47	27.186,35	4915	371,38	SIM	4.159.908,54	7.000.000,00	15.445.992,99
1073	13/5/2009	44	36	32	8	34	25	0	0	0	66	20.356,35	5305	361,79	SIM	6.634.811,63	9.000.000,00	15.799.550,59
1074	16/5/2009	3	47	10	50	29	23	0	0	0	111	13.830,94	7099	308,94	SIM	16.976.970,12	20.000.000,00	16.203.559,66
1075	20/5/2009	53	39	16	21	10	12	0	0	0	119	15.845,68	7179	375,22	SIM	20.450.510,01	25.000.000,00	16.699.779,66
1076	23/5/2009	32	33	10	19	42	4	0	0	0	102	21.442,45	8656	360,96	SIM	24.479.432,11	30.000.000,00	17.275.339,96
1077	27/5/2009	11	6	18	5	37	9	41.658.547,00	2	14.486.088,42	300	8.129,73	19219	181,28	NÃO	0	2.000.000,00	17.917.160,64
1078	30/5/2009	3	6	45	34	41	43	18.069.091,25	0	0	47	22.507,73	3645	414,6	SIM	1.948.695,28	4.000.000,00	18.195.545,69
1079	3/6/2009	36	12	37	24	5	28	19.331.149,25	1	4.033.499,58	150	7.545,01	8339	193,88	NÃO	0	12.000.000,00	18.493.374,90
1080	6/6/2009	56	11	20	41	34	18	24.493.897,75	0	0	59	24.305,19	4152	493,39	SIM	12.716.777,49	16.000.000,00	18.870.745,01
1081	10/6/2009	9	56	29	52	16	24	30.459.672,25	0	0	109	16.360,33	7213	353,18	SIM	16.001.758,39	20.000.000,00	19.340.028,00
1082	13/6/2009	4	40	50	17	55	38	31.139.440,50	0	0	63	28.937,66	5460	476,99	SIM	19.360.050,18	23.000.000,00	19.819.783,99
1083	17/6/2009	20	28	42	23	10	43	38.208.360,75	0	0	70	31.956,08	6647	480,75	SIM	23.480.703,04	28.000.000,00	20.408.448,69
1084	20/6/2009	20	5	29	59	40	33	42.873.020,75	0	0	108	23.240,93	7731	463,81	SIM	39.437.088,95	45.000.000,00	21.068.980,41
1085	24/6/2009	39	50	21	12	40	55	60.876.961,25	0	0	81	44.000,86	7674	663,47	SIM	46.002.479,88	55.000.000,00	22.006.893,41
1086	27/6/2009	45	4	6	23	10	2	89.142.866,75	4	13.904.065,20	954	5.470,55	52159	142,93	NÃO	0	2.000.000,00	23.380.290,70
1087	1/7/2009	36	46	28	32	3	20	20.190.770,25	0	0	58	20.380,65	4426	381,53	SIM	2.177.511,76	4.000.000,00	23.691.363,83
1088	4/7/2009	24	42	35	31	6	57	25.640.480,25	0	0	78	19.245,30	5886	364,33	SIM	4.942.757,79	8.000.000,00	24.086.398,99
1089	8/7/2009	37	48	32	2	18	20	27.422.916,50	0	0	93	17.263,31	6101	375,93	SIM	23.035.860,57	27.000.000,00	24.508.895,60
1090	11/7/2009	24	9	40	20	36	42	38.322.847,50	0	0	175	12.820,74	10325	310,42	SIM	27.168.860,47	32.000.000,00	25.099.324,18
1091	15/7/2009	27	56	17	24	49	23	46.937.052,75	0	0	146	18.821,58	12471	314,78	SIM	32.230.875,61	38.000.000,00	25.822.469,22
1092	18/7/2009	40	30	1	9	33	34	56.228.327,75	0	0	130	25.322,41	11224	418,98	SIM	38.294.925,87	45.000.000,00	26.688.762,13
1093	22/7/2009	27	49	38	23	41	19	70.710.811,50	0	0	299	13.845,47	18464	320,29	SIM	45.920.866,95	56.000.000,00	27.778.182,30
1094	25/7/2009	10	9	48	36	41	21	92.189.270,25	1	55.863.193,02	211	25.579,45	18534	416,01	NÃO	0	25.000.000,00	29.198.514,62
1095	29/7/2009	27	23	36	10	21	16	35.408.194,50	0	0	168	12.339,22	10462	283,06	SIM	24.452.986,89	29.000.000,00	29.744.038,01
1096	1/8/2009	3	41	52	14	13	16	46.234.424,25	0	0	102	26.537,40	9766	395,95	SIM	29.439.225,73	35.000.000,00	30.456.357,86
1097	5/8/2009	21	48	33	1	56	17	50.705.642,75	1	34.907.671,59	242	12.266,88	13115	323,35	NÃO	0	2.000.000,00	31.237.564,43
1098	8/8/2009	30	20	21	11	50	52	24.632.326,25	1	2.656.519,77	49	29.430,83	3434	599,92	NÃO	0	2.500.000,00	31.617.067,26
1099	12/8/2009	55	44	38	35	14	31	21.735.883,75	0	0	42	30.298,50	3392	535,94	SIM	14.459.242,92	17.000.000,00	31.951.945,49
1100	15/8/2009	41	33	17	18	7	42	34.452.773,25	0	0	119	16.950,03	10353	278,32	SIM	18.174.867,35	23.000.000,00	32.482.748,98
1101	19/8/2009	7	12	57	6	24	10	38.343.704,00	1	22.310.116,55	284	7.904,40	17901	179,14	NÃO	0	2.000.000,00	33.073.498,88
1102	22/8/2009	46	23	9	35	11	51	22.023.282,75	0	0	83	15.534,50	5695	323,43	SIM	2.375.142,54	5.000.000,00	33.412.804,97
1103	26/8/2009	41	19	10	28	55	56	23.717.776,25	0	0	47	29.544,00	5696	348,25	SIM	4.933.030,92	8.000.000,00	33.778.217,62
1104	29/8/2009	3	35	58	49	2	6	28.992.726,00	0	0	95	17.867,29	6982	347,29	SIM	18.060.804,99	21.000.000,00	34.224.899,83
1105	2/9/2009	43	1	50	28	57	15	35.396.452,00	1	21.878.202,24	135	15.350,38	7144	414,39	NÃO	0	2.000.000,00	34.770.242,31
1106	5/9/2009	4	15	50	60	43	47	20.175.874,25	0	0	37	31.924,48	3139	537,57	SIM	2.175.905,27	5.000.000,00	35.081.085,93
1107	9/9/2009	36	20	54	9	3	53	21.516.050,00	0	0	85	14.819,61	6294	285,91	SIM	4.496.344,33	7.000.000,00	35.412.577,23
1108	12/9/2009	60	44	7	39	43	9	29.595.212,00	0	0	71	24.403,73	5791	427,42	SIM	7.688.095,88	12.000.000,00	35.868.541,75
1109	16/9/2009	11	52	14	6	29	8	30.862.658,00	0	0	141	12.814,67	8371	308,35	SIM	20.340.725,12	24.000.000,00	36.344.033,43
1110	19/9/2009	26	45	6	28	42	14	40.292.586,00	2	12.343.077,59	217	10.870,72	11277	298,83	NÃO	0	2.000.000,00	36.964.809,17
1111	23/9/2009	4	43	25	9	33	32	19.480.656,00	1	2.100.928,15	52	21.932,77	5266	309,39	NÃO	0	2.000.000,00	37.264.941,78
1112	26/9/2009	4	34	52	32	58	43	20.626.242,00	0	0	43	28.083,09	3283	525,46	SIM	2.224.476,04	5.000.000,00	37.582.724,09
1113	30/9/2009	47	36	29	59	3	6	22.419.202,00	2	2.321.158,61	82	16.006,62	5947	315,29	NÃO	0	2.000.000,00	37.928.129,99
1114	3/10/2009	16	3	22	54	25	15	21.424.482,00	1	2.310.563,74	65	19.297,02	5054	354,54	NÃO	0	11.000.000,00	38.258.210,54
1115	7/10/2009	44	41	18	50	37	30	25.131.470,00	0	0	26	56.589,75	3005	699,46	SIM	11.132.729,77	14.000.000,00	38.645.403,53
1116	10/10/2009	17	20	4	47	9	13	31.648.022,00	1	14.545.870,49	259	7.153,85	14186	186,58	NÃO	0	2.000.000,00	39.132.995,07
1117	14/10/2009	27	35	40	1	6	17	16.153.514,00	0	0	36	26.269,86	3143	429,85	SIM	1.742.106,23	4.000.000,00	39.381.867,40
1118	17/10/2009	55	44	8	20	43	21	22.874.788,00	0	0	30	44.640,50	2965	645,24	SIM	4.209.080,96	7.000.000,00	39.734.292,39
1119	21/10/2009	44	54	41	45	34	10	22.981.012,00	0	0	22	61.156,09	2684	716,11	SIM	14.740.142,18	18.000.000,00	40.088.353,92
